2015/01/05,3258.63,3369.28,3253.88,3350.52,531352391,549760073728.00
2015/01/06,3330.80,3394.22,3303.18,3351.45,501661695,532398473216.00
2015/01/07,3326.65,3374.90,3312.21,3373.95,391918880,436416708608.00
2015/01/08,3371.96,3381.57,3285.10,3293.46,371131170,399230304256.00
2015/01/09,3276.97,3404.83,3267.51,3285.41,410240872,458648027136.00
2015/01/12,3258.21,3275.19,3191.58,3229.32,322064679,366273069056.00
2015/01/13,3223.54,3259.39,3214.41,3235.30,230725754,273588781056.00
2015/01/14,3242.34,3268.48,3193.98,3222.44,240190747,267204526080.00
2015/01/15,3224.07,3337.08,3207.55,3336.45,282546240,330610540544.00
2015/01/16,3343.60,3400.32,3340.49,3376.50,339876753,392253898752.00
2015/01/19,3189.73,3262.21,3095.07,3116.35,401098789,409885999104.00
2015/01/20,3114.56,3190.25,3100.48,3173.05,357080811,416295223296.00
2015/01/21,3189.08,3337.00,3178.34,3323.61,410956024,473758662656.00
2015/01/22,3327.32,3352.38,3293.98,3343.34,353382961,407874076672.00
2015/01/23,3357.10,3406.79,3328.29,3351.76,366249240,420979539968.00
2015/01/26,3347.26,3384.80,3321.31,3383.18,317541007,358427459584.00
2015/01/27,3389.85,3390.22,3290.22,3352.96,374517551,418298855424.00
2015/01/28,3325.72,3354.80,3294.65,3305.74,301927095,341564293120.00
2015/01/29,3259.00,3286.79,3234.24,3262.30,274658613,296424505344.00
2015/01/30,3273.75,3288.50,3210.31,3210.36,258312548,284265644032.00
2015/02/02,3148.14,3175.13,3122.57,3128.30,250861629,266849959936.00
2015/02/03,3156.09,3207.94,3129.73,3204.91,248192164,283355938816.00
2015/02/04,3212.82,3238.98,3171.14,3174.13,249098086,290155167744.00
2015/02/05,3251.21,3251.21,3135.82,3136.53,306139305,348266954752.00
2015/02/06,3120.09,3129.54,3052.94,3075.91,246749666,266502782976.00
2015/02/09,3063.51,3119.03,3049.11,3095.12,206108383,240719675392.00
2015/02/10,3090.49,3142.10,3084.25,3141.59,193817139,225084915712.00
2015/02/11,3145.77,3166.42,3139.05,3157.70,172840094,210862555136.00
2015/02/12,3157.96,3181.77,3134.24,3173.42,194592309,229691572224.00
2015/02/13,3186.81,3237.16,3182.79,3203.83,261290436,293017681920.00
2015/02/16,3206.14,3228.85,3195.88,3222.36,223797429,265950691328.00
2015/02/17,3230.88,3255.73,3230.77,3246.91,228332624,263340048384.00
2015/02/25,3256.48,3257.22,3215.55,3228.84,233348094,265143353344.00
2015/02/26,3222.15,3300.62,3202.19,3298.36,301263875,334347468800.00
2015/02/27,3296.83,3324.55,3291.01,3310.30,299163717,335019573248.00
2015/03/02,3332.72,3336.76,3298.67,3336.28,346445671,410259554304.00
2015/03/03,3317.69,3317.69,3260.43,3263.05,382044619,441593495552.00
2015/03/04,3264.18,3286.59,3250.48,3279.53,293639522,346789773312.00
2015/03/05,3264.08,3266.64,3221.67,3248.48,320663585,373580005376.00
2015/03/06,3248.04,3266.93,3234.53,3241.19,282915791,328344141824.00
2015/03/09,3224.31,3307.70,3198.37,3302.41,321495440,359927513088.00
2015/03/10,3289.08,3309.92,3277.09,3286.07,285817576,329955966976.00
2015/03/11,3289.59,3325.05,3278.47,3290.90,282985535,327573078016.00
2015/03/12,3314.81,3360.05,3300.49,3349.32,357295105,407192403968.00
2015/03/13,3359.49,3391.25,3352.15,3372.91,328410154,374041411584.00
2015/03/16,3391.16,3449.30,3377.09,3449.30,399132430,479355305984.00
2015/03/17,3469.60,3504.12,3459.69,3502.85,520939506,601500680192.00
2015/03/18,3510.50,3577.66,3503.85,3577.30,545217144,617367011328.00
2015/03/19,3576.02,3600.68,3546.84,3582.27,537346614,612249698304.00
2015/03/20,3587.08,3632.34,3569.38,3617.32,516661669,651771969536.00
2015/03/23,3640.10,3688.25,3635.48,3687.73,536062832,661574647808.00
2015/03/24,3692.57,3715.87,3600.70,3691.41,639554669,754884739072.00
2015/03/25,3680.95,3693.15,3634.56,3660.73,521886348,645498929152.00
2015/03/26,3641.94,3707.32,3615.01,3682.10,488647203,619515609088.00
2015/03/27,3686.13,3710.48,3656.83,3691.10,408945165,509298475008.00
2015/03/30,3710.61,3795.93,3710.61,3786.57,564702353,692125368320.00
2015/03/31,3822.99,3835.57,3737.04,3747.90,561676037,721294917632.00
2015/04/01,3748.34,3817.08,3742.21,3810.29,447458319,592418308096.00
2015/04/02,3827.69,3835.45,3775.89,3825.78,479299673,632028921856.00
2015/04/03,3803.38,3864.40,3792.21,3863.93,473033311,635651358720.00
2015/04/07,3899.42,3961.67,3891.73,3961.38,570447535,746423975936.00
2015/04/08,3976.53,4000.22,3903.65,3994.81,618085419,839159316480.00
2015/04/09,4006.13,4016.40,3900.03,3957.53,585176825,816710877184.00
2015/04/10,3947.49,4040.35,3929.32,4034.31,484283619,668504162304.00
2015/04/13,4072.72,4128.07,4057.29,4121.71,589814227,781667336192.00
2015/04/14,4125.78,4168.35,4091.26,4135.57,610683541,814645182464.00
2015/04/15,4135.65,4175.49,4069.01,4084.16,613005812,773125898240.00
2015/04/16,4055.92,4195.31,4031.24,4194.82,551242956,712082456576.00
2015/04/17,4254.72,4317.22,4238.91,4287.30,701706205,915633012736.00
2015/04/20,4301.35,4356.00,4190.68,4217.08,857132807,1147600633856.00
2015/04/21,4212.19,4294.37,4188.57,4293.62,634470627,862447796224.00
2015/04/22,4304.60,4400.19,4297.95,4398.49,680305086,976876929024.00
2015/04/23,4414.48,4444.41,4358.84,4414.51,667344661,963024912384.00
2015/04/24,4355.95,4416.38,4318.12,4393.69,628554996,916872953856.00
2015/04/27,4441.93,4529.74,4441.93,4527.40,671088521,975242067968.00
2015/04/28,4527.64,4572.39,4432.90,4476.21,767676416,1061172150272.00
2015/04/29,4446.12,4499.94,4398.64,4476.62,519834202,752401776640.00
2015/04/30,4483.01,4507.34,4441.05,4441.66,526727975,774349193216.00
2015/05/04,4441.34,4487.57,4387.43,4480.46,494173398,717540818944.00
2015/05/05,4479.85,4488.87,4282.24,4298.71,572858596,805566087168.00
2015/05/06,4311.64,4376.35,4187.37,4229.27,481732993,716536217600.00
2015/05/07,4197.90,4213.76,4108.01,4112.21,394566653,540206301184.00
2015/05/08,4152.98,4206.86,4099.04,4205.92,397428094,559648669696.00
2015/05/11,4231.27,4334.88,4187.82,4333.58,488750515,715246600192.00
2015/05/12,4342.37,4402.31,4317.98,4401.22,521866408,793463750656.00
2015/05/13,4402.38,4415.63,4342.48,4375.76,510490475,780754944000.00
2015/05/14,4372.82,4397.75,4329.04,4378.31,449077935,669882253312.00
2015/05/15,4366.82,4366.82,4278.55,4308.69,439706198,665965625344.00
2015/05/18,4277.90,4324.83,4260.51,4283.49,380057452,594559500288.00
2015/05/19,4285.78,4418.40,4285.78,4417.55,436735224,693812592640.00
2015/05/20,4434.98,4520.54,4432.28,4446.29,514106223,806080544768.00
2015/05/21,4456.43,4530.48,4438.26,4529.42,464996520,729080594432.00
2015/05/22,4584.98,4658.27,4562.99,4657.60,655591287,1007173238784.00
2015/05/25,4660.08,4814.67,4656.82,4813.80,682461391,1079295606784.00
2015/05/26,4854.85,4911.68,4779.08,4910.90,704892829,1138509348864.00
2015/05/27,4932.85,4958.16,4857.06,4941.71,681165379,1116261842944.00
2015/05/28,4943.74,4986.50,4614.24,4620.27,782964592,1247926026240.00
2015/05/29,4603.47,4698.19,4431.56,4611.74,611262409,955365588992.00
2015/06/01,4633.10,4829.50,4615.23,4828.74,593389035,934455476224.00
2015/06/02,4844.70,4911.57,4797.55,4910.53,623748099,998745767936.00
2015/06/03,4924.38,4942.06,4822.44,4909.98,611453839,1010179964928.00
2015/06/04,4912.95,4947.96,4647.41,4947.10,674952402,1052270264320.00
2015/06/05,5016.09,5051.63,4898.07,5023.10,772240812,1232300670976.00
2015/06/08,5045.69,5146.95,4997.48,5131.88,855035085,1309924524032.00
2015/06/09,5145.98,5147.45,5042.96,5113.53,729893818,1150808621056.00
2015/06/10,5049.20,5164.16,5001.49,5106.04,596969001,1006428225536.00
2015/06/11,5101.44,5122.46,5050.76,5121.59,563990522,974670594048.00
2015/06/12,5143.34,5178.19,5103.40,5166.35,625627854,1060167417856.00
2015/06/15,5174.42,5176.79,5048.74,5062.99,637803984,1064991981568.00
2015/06/16,5004.41,5029.68,4842.10,4887.43,550801407,895420530688.00
2015/06/17,4890.55,4983.66,4767.22,4967.90,537101168,830266736640.00
2015/06/18,4942.52,4966.77,4780.87,4785.36,507440899,785845059584.00
2015/06/19,4689.93,4744.08,4476.50,4478.36,452689626,685458194432.00
2015/06/23,4471.61,4577.94,4264.77,4576.49,473526128,693617164288.00
2015/06/24,4604.58,4691.77,4552.13,4690.15,543003709,815062712320.00
2015/06/25,4711.76,4720.70,4483.55,4527.78,572797533,865379745792.00
2015/06/26,4399.93,4456.90,4139.53,4192.87,565217874,787835715584.00
2015/06/29,4289.77,4297.47,3875.05,4053.03,673786349,904271364096.00
2015/06/30,4006.75,4279.97,3847.88,4277.22,709176633,941524647936.00
2015/07/01,4214.15,4317.05,4043.37,4053.70,598769427,838070894592.00
2015/07/02,4058.62,4080.39,3795.25,3912.77,586015612,736006832128.00
2015/07/03,3793.71,3927.13,3629.56,3686.92,548163111,648054112256.00
2015/07/06,3975.21,3975.21,3653.04,3775.91,831139286,943420407808.00
2015/07/07,3654.78,3750.57,3585.40,3727.12,698818688,776072527872.00
2015/07/08,3467.40,3599.25,3421.53,3507.19,680356922,700248358912.00
2015/07/09,3432.45,3748.48,3373.54,3709.33,656914612,673310965760.00
2015/07/10,3707.46,3959.22,3677.43,3877.80,586364255,680434139136.00
2015/07/13,3918.99,4030.19,3858.64,3970.39,643489007,782430568448.00
2015/07/14,3958.37,4035.43,3855.56,3924.49,670558799,830074650624.00
2015/07/15,3874.97,3914.27,3741.25,3805.70,601301324,700536520704.00
2015/07/16,3758.50,3877.51,3688.44,3823.18,492256200,569858916352.00
2015/07/17,3831.42,3994.48,3814.15,3957.35,481726268,593066983424.00
2015/07/20,3948.42,4021.33,3927.12,3992.11,539106714,688255598592.00
2015/07/21,3939.90,4041.82,3912.80,4017.67,504288028,646416826368.00
2015/07/22,3996.43,4042.34,3960.86,4026.04,520732225,678831915008.00
2015/07/23,4022.27,4132.61,4019.04,4123.92,563585966,743531872256.00
2015/07/24,4124.75,4184.45,4044.83,4070.91,627424860,843022073856.00
2015/07/27,3985.57,4051.16,3720.44,3725.56,556003247,721298063360.00
2015/07/28,3573.14,3762.53,3537.36,3663.00,563330042,685057507328.00
2015/07/29,3689.82,3792.07,3612.06,3789.17,434352085,557491945472.00
2015/07/30,3773.79,3844.37,3685.96,3705.77,457943228,615977910272.00
2015/07/31,3655.67,3729.51,3620.17,3663.73,350955745,460472254464.00
2015/08/03,3614.99,3648.94,3549.50,3622.91,363968731,445991583744.00
2015/08/04,3621.86,3757.03,3601.29,3756.54,362901666,464036233216.00
2015/08/05,3745.65,3782.35,3676.39,3694.57,366422979,483850289152.00
2015/08/06,3625.50,3710.57,3614.74,3661.54,274074663,357515132928.00
2015/08/07,3692.61,3756.74,3686.30,3744.20,340757184,445485023232.00
2015/08/10,3786.03,3943.62,3775.85,3928.42,497304319,652622036992.00
2015/08/11,3928.81,3970.34,3891.18,3927.91,538923460,712289943552.00
2015/08/12,3881.23,3937.77,3871.14,3886.32,442688278,597050261504.00
2015/08/13,3869.91,3955.79,3838.16,3954.56,430073303,578685501440.00
2015/08/14,3976.41,4000.68,3939.83,3965.33,467988217,647466450944.00
2015/08/17,3947.84,3994.54,3907.40,3993.67,460432060,626327683072.00
2015/08/18,3999.13,4006.34,3743.39,3748.16,543770822,722467225600.00
2015/08/19,3646.80,3811.43,3558.38,3794.11,475396239,599513300992.00
2015/08/20,3754.57,3788.01,3663.61,3664.29,390063057,501194981376.00
2015/08/21,3609.96,3652.84,3490.54,3507.74,369920479,450616492032.00
2015/08/24,3373.48,3388.36,3191.88,3209.91,334671792,358818873344.00
2015/08/25,3004.13,3123.03,2947.94,2964.97,352325110,358735773696.00
2015/08/26,2980.79,3092.04,2850.71,2927.29,466699663,461788971008.00
2015/08/27,2978.03,3085.42,2906.49,3083.59,400308398,404289290240.00
2015/08/28,3125.26,3235.84,3102.95,3232.35,443136928,474631012352.00
2015/08/31,3203.56,3207.86,3109.16,3205.99,397431382,431068610560.00
2015/09/01,3157.83,3180.33,3053.74,3166.62,432432468,420411637760.00
2015/09/02,3027.68,3194.48,3019.09,3160.17,438170153,423262355456.00
2015/09/07,3149.38,3217.58,3066.30,3080.42,296468114,302689714176.00
2015/09/08,3054.44,3174.71,3011.12,3170.45,255415465,263910375424.00
2015/09/09,3182.55,3256.74,3165.70,3243.09,375327978,412991422464.00
2015/09/10,3190.55,3243.28,3178.90,3197.89,273261759,299581079552.00
2015/09/11,3189.48,3223.76,3163.45,3200.23,224557822,252769468416.00
2015/09/14,3221.17,3229.48,3049.23,3114.80,346631158,373576794112.00
2015/09/15,3043.80,3081.70,2983.92,3005.17,249194445,243904593920.00
2015/09/16,2998.04,3182.93,2983.54,3152.26,277524524,281992265728.00
2015/09/17,3131.98,3204.70,3085.31,3086.06,317602892,337393287168.00
2015/09/18,3100.28,3122.05,3070.34,3097.92,209175398,218442432512.00
2015/09/21,3072.09,3159.88,3060.86,3156.54,239897354,259796680704.00
2015/09/22,3161.32,3213.48,3152.48,3185.62,274786154,305071325184.00
2015/09/23,3137.72,3164.04,3104.74,3115.89,236322670,257560035328.00
2015/09/24,3126.49,3151.16,3109.69,3142.69,212887723,231369048064.00
2015/09/25,3130.85,3149.95,3063.00,3092.35,236263871,248971116544.00
2015/09/28,3085.57,3103.07,3042.31,3100.76,156727530,166422396928.00
2015/09/29,3055.22,3068.30,3021.16,3038.14,163222673,169686597632.00
2015/09/30,3052.84,3073.30,3039.74,3052.78,146642449,156569190400.00
2015/10/08,3156.07,3172.28,3133.13,3143.36,234276050,258830336000.00
2015/10/09,3146.64,3192.72,3137.79,3183.15,234851445,256379109376.00
2015/10/12,3193.54,3318.71,3188.41,3287.66,386294715,435541016576.00
2015/10/13,3262.16,3298.63,3253.25,3293.23,297153133,334806089728.00
2015/10/14,3280.02,3307.32,3256.25,3262.44,295077739,330277519360.00
2015/10/15,3255.03,3338.30,3254.39,3338.07,316283851,362565566464.00
2015/10/16,3358.30,3393.02,3334.85,3391.35,395460575,459447828480.00
2015/10/19,3401.63,3423.40,3355.57,3386.70,378112183,453303631872.00
2015/10/20,3377.55,3425.52,3357.86,3425.33,318973758,383582502912.00
2015/10/21,3428.56,3447.26,3265.44,3320.68,458455428,518509232128.00
2015/10/22,3292.29,3373.78,3282.99,3368.74,323739341,375452008448.00
2015/10/23,3377.55,3422.02,3360.22,3412.43,347372854,425263071232.00
2015/10/26,3448.65,3457.52,3402.00,3429.58,365560853,453942509568.00
2015/10/27,3409.14,3441.57,3332.62,3434.34,328172768,408887230464.00
2015/10/28,3417.01,3439.76,3367.23,3375.20,293523284,361656188928.00
2015/10/29,3387.77,3411.71,3362.51,3387.32,235676026,294508429312.00
2015/10/30,3380.28,3417.20,3346.59,3382.56,243595118,307266781184.00
2015/11/02,3337.58,3391.06,3322.31,3325.08,230951129,286019321856.00
2015/11/03,3330.32,3346.27,3302.18,3316.70,192897428,244360560640.00
2015/11/04,3325.62,3459.65,3325.62,3459.64,339078730,426104389632.00
2015/11/05,3459.22,3585.66,3455.53,3522.82,553254947,678674628608.00
2015/11/06,3514.44,3596.38,3508.83,3590.03,429167033,543282200576.00
2015/11/09,3588.50,3673.76,3588.50,3646.88,503016682,636184035328.00
2015/11/10,3617.40,3669.53,3607.89,3640.49,429746576,560055123968.00
2015/11/11,3635.00,3654.88,3605.62,3650.25,360972651,467822215168.00
2015/11/12,3656.82,3659.31,3603.23,3632.90,361717600,482832613376.00
2015/11/13,3600.76,3632.56,3564.81,3580.84,345870933,468668645376.00
2015/11/16,3522.46,3607.61,3519.42,3606.96,276187057,369421844480.00
2015/11/17,3629.98,3678.27,3598.07,3604.80,383575468,521520349184.00
2015/11/18,3605.06,3617.07,3558.70,3568.47,297580734,392338767872.00
2015/11/19,3573.78,3618.21,3561.04,3617.06,247915576,328442609664.00
2015/11/20,3620.79,3640.53,3607.92,3630.50,310801972,413910892544.00
2015/11/23,3630.87,3654.75,3598.87,3610.31,315997474,414148231168.00
2015/11/24,3602.89,3616.48,3563.10,3616.11,248810524,327758512128.00
2015/11/25,3614.07,3648.37,3607.52,3647.93,273024857,380802924544.00
2015/11/26,3659.57,3668.38,3629.86,3635.55,306761582,426247421952.00
2015/11/27,3616.54,3621.90,3412.43,3436.30,354287525,464311255040.00
2015/11/30,3433.86,3470.37,3327.81,3445.40,304197903,387503652864.00
2015/12/01,3442.44,3483.41,3417.54,3456.31,252390755,330256744448.00
2015/12/02,3450.28,3538.85,3427.66,3536.91,301491480,369183031296.00
2015/12/03,3525.73,3591.73,3517.23,3584.82,281111255,338859098112.00
2015/12/04,3558.15,3568.97,3510.41,3524.99,251736411,319766822912.00
2015/12/07,3529.81,3543.95,3506.62,3536.93,208302579,280561582080.00
2015/12/08,3518.65,3518.65,3466.79,3470.07,224367310,297821732864.00
2015/12/09,3462.58,3495.70,3454.88,3472.44,195698845,267854872576.00
2015/12/10,3469.81,3503.65,3446.27,3455.50,200427517,279499702272.00
2015/12/11,3441.60,3455.55,3410.92,3434.58,182908878,245076426752.00
2015/12/14,3403.51,3521.78,3399.28,3520.67,215374620,279213539328.00
2015/12/15,3518.13,3529.96,3496.85,3510.35,200471341,276274937856.00
2015/12/16,3522.09,3538.69,3506.29,3516.19,193482310,265288646656.00
2015/12/17,3533.63,3583.41,3533.63,3580.00,283856476,381439606784.00
2015/12/18,3574.94,3614.70,3568.16,3578.96,273707904,365385809920.00
2015/12/21,3568.58,3651.06,3565.75,3642.47,299849280,398316961792.00
2015/12/22,3645.99,3652.63,3616.87,3651.77,261178763,360846032896.00
2015/12/23,3653.28,3684.57,3633.03,3636.09,298201801,419902914560.00
2015/12/24,3631.31,3640.22,3572.28,3612.49,227785225,315421261824.00
2015/12/25,3614.05,3635.26,3601.74,3627.91,198451111,274660048896.00
2015/12/28,3635.77,3641.59,3533.78,3533.78,269983278,369042817024.00
2015/12/29,3528.40,3564.17,3515.52,3563.74,182551923,250938900480.00
2015/12/30,3566.73,3573.68,3538.11,3572.88,187889609,267787665408.00
2015/12/31,3570.47,3580.60,3538.35,3539.18,176963659,254031069184.00
2016/01/04,3536.59,3538.69,3295.74,3296.26,184418423,240929161216.00
2016/01/05,3196.65,3328.14,3189.60,3287.71,266882083,328417214464.00
2016/01/06,3291.19,3362.97,3288.93,3361.84,238886670,285243211776.00
2016/01/07,3309.66,3309.66,3115.89,3125.00,70569123,79981985792.00
2016/01/08,3194.63,3235.45,3056.88,3186.41,286440822,324167139328.00
2016/01/11,3131.85,3166.22,3016.70,3016.70,271643691,286379638784.00
2016/01/12,3026.16,3047.66,2978.46,3022.86,207659622,224135430144.00
2016/01/13,3041.11,3059.01,2949.29,2949.60,194282106,208376037376.00
2016/01/14,2874.05,3012.29,2867.55,3007.65,212905644,218013663232.00
2016/01/15,2988.05,3001.71,2883.87,2900.97,198721697,206603976704.00
2016/01/18,2847.54,2945.45,2844.70,2913.84,164699694,173619970048.00
2016/01/19,2914.41,3012.07,2906.40,3007.74,205279703,222674796544.00
2016/01/20,2993.01,3016.28,2951.92,2976.69,216505474,234562928640.00
2016/01/21,2934.39,2998.79,2880.08,2880.48,191675668,203634573312.00
2016/01/22,2911.11,2931.36,2851.73,2916.56,159810734,170062249984.00
2016/01/25,2934.08,2955.78,2911.83,2938.51,153039057,164023402496.00
2016/01/26,2907.72,2911.99,2743.84,2749.79,210836054,212608155648.00
2016/01/27,2756.08,2768.77,2638.30,2735.56,215722046,207426682880.00
2016/01/28,2711.16,2740.54,2647.49,2655.66,171120280,167357415424.00
2016/01/29,2652.85,2755.37,2649.79,2737.60,186673106,180006813696.00
2016/02/01,2730.98,2735.26,2655.62,2688.85,156383744,152830738432.00
2016/02/02,2687.98,2755.16,2687.98,2749.57,158078211,158936809472.00
2016/02/03,2719.57,2746.07,2696.88,2739.25,148397217,146627117056.00
2016/02/04,2751.43,2793.30,2751.31,2781.02,170382018,175347384320.00
2016/02/05,2783.08,2790.06,2762.16,2763.49,141186284,145553637376.00
2016/02/15,2684.96,2760.36,2682.09,2746.20,129263932,129321058304.00
2016/02/16,2758.58,2840.62,2758.58,2836.57,195961614,198969131008.00
2016/02/17,2829.76,2868.70,2824.36,2867.34,216909925,225964244992.00
2016/02/18,2881.78,2893.21,2857.70,2862.89,219203873,230775046144.00
2016/02/19,2854.90,2872.72,2840.49,2860.02,163391413,178424840192.00
2016/02/22,2888.60,2933.96,2880.35,2927.18,232176042,238682816512.00
2016/02/23,2925.71,2928.05,2872.28,2903.33,199740663,211548946432.00
2016/02/24,2889.88,2929.87,2872.27,2928.90,213410384,227851649024.00
2016/02/25,2922.24,2922.24,2729.85,2741.25,270284416,271767142400.00
2016/02/26,2760.06,2784.75,2715.87,2767.21,191110472,190068981760.00
2016/02/29,2754.81,2755.89,2638.96,2687.98,207410709,194640199680.00
2016/03/01,2688.38,2747.56,2668.76,2733.17,187207443,182185541632.00
2016/03/02,2733.77,2852.70,2732.54,2849.68,270961783,259318759424.00
2016/03/03,2847.33,2878.45,2840.87,2859.76,287478210,279971921920.00
2016/03/04,2848.54,2880.37,2808.85,2874.15,312495169,294982123520.00
2016/03/07,2886.64,2911.84,2871.35,2897.34,217466836,208559325184.00
2016/03/08,2895.67,2902.62,2802.56,2901.39,233482661,220513959936.00
2016/03/09,2839.41,2863.01,2811.72,2862.56,183355383,177072553984.00
2016/03/10,2847.57,2863.18,2803.48,2804.73,138979461,141812416512.00
2016/03/11,2781.60,2815.61,2772.55,2810.31,127247554,128450314240.00
2016/03/14,2830.08,2889.82,2823.03,2859.50,194816030,202793140224.00
2016/03/15,2853.98,2865.79,2819.79,2864.37,163386667,170219520000.00
2016/03/16,2858.71,2881.53,2854.19,2870.43,186492535,190193860608.00
2016/03/17,2875.41,2921.00,2857.19,2904.83,200290213,213843640320.00
2016/03/18,2915.52,2971.55,2908.74,2955.15,313332735,328241152000.00
2016/03/21,2978.46,3028.32,2973.76,3018.80,352400438,380823076864.00
2016/03/22,3001.63,3019.10,2988.43,2999.36,270377322,311025303552.00
2016/03/23,2991.17,3012.56,2980.86,3009.96,216977462,256328155136.00
2016/03/24,2986.80,2998.15,2960.54,2960.97,237006403,274795118592.00
2016/03/25,2956.20,2981.41,2952.11,2979.43,175074344,200818442240.00
2016/03/28,2988.01,3008.17,2948.53,2957.82,202021241,232323727360.00
2016/03/29,2956.71,2962.20,2905.25,2919.83,182965345,201625829376.00
2016/03/30,2941.22,3001.11,2941.22,3000.65,210371451,234410622976.00
2016/03/31,3009.37,3023.41,2992.92,3003.92,220413445,252219752448.00
2016/04/01,2997.09,3009.67,2956.25,3009.53,206545866,217520537600.00
2016/04/05,3000.94,3057.33,2993.15,3053.07,256730344,276654686208.00
2016/04/06,3039.74,3059.79,3029.00,3050.59,232262051,254914560000.00
2016/04/07,3058.34,3062.36,3007.06,3008.42,220919506,243961806848.00
2016/04/08,2988.20,2996.17,2960.46,2984.96,187904633,207337095168.00
2016/04/11,3006.91,3048.98,3006.91,3033.96,220018324,252328394752.00
2016/04/12,3031.30,3036.82,3001.32,3023.65,182718668,207079800832.00
2016/04/13,3041.36,3097.16,3041.36,3066.64,310003246,331420696576.00
2016/04/14,3080.09,3086.70,3056.99,3082.36,208237830,235056054272.00
2016/04/15,3085.03,3089.95,3066.87,3078.12,189613051,224141312000.00
2016/04/18,3058.46,3058.46,3022.97,3033.66,183304512,208613081088.00
2016/04/19,3047.13,3054.50,3024.90,3042.82,156533200,180948008960.00
2016/04/20,3050.38,3055.69,2905.05,2972.58,283144219,311154868224.00
2016/04/21,2954.37,2990.67,2943.46,2952.89,189406849,206477131776.00
2016/04/22,2933.03,2960.21,2926.78,2959.24,137211668,148800438272.00
2016/04/25,2949.97,2954.09,2917.02,2946.67,125856243,140638748672.00
2016/04/26,2944.72,2965.43,2933.97,2964.70,117711604,134292455424.00
2016/04/27,2967.19,2976.02,2949.43,2953.67,130867640,150286303232.00
2016/04/28,2955.74,2959.51,2916.37,2945.59,138663274,154614693888.00
2016/04/29,2935.38,2950.58,2930.36,2938.32,109310628,128502734848.00
2016/05/03,2940.39,2993.53,2929.81,2992.64,168703643,195816603648.00
2016/05/04,2983.03,3004.42,2978.33,2991.27,165407106,189046374400.00
2016/05/05,2987.02,2999.12,2977.20,2997.84,144831383,163113779200.00
2016/05/06,2998.40,3003.59,2913.04,2913.25,206796498,234077437952.00
2016/05/09,2896.16,2896.16,2821.83,2832.11,180378330,188705685504.00
2016/05/10,2822.33,2845.24,2820.16,2832.59,120829310,128535265280.00
2016/05/11,2843.54,2857.25,2818.70,2837.04,135795466,146022514688.00
2016/05/12,2812.11,2839.28,2781.24,2835.86,136337655,140838633472.00
2016/05/13,2828.46,2850.09,2814.11,2827.11,114319710,123692646400.00
2016/05/16,2816.78,2851.23,2804.99,2850.86,114653592,126844297216.00
2016/05/17,2850.93,2860.32,2832.46,2843.68,123369064,140001001472.00
2016/05/18,2828.18,2828.26,2781.42,2807.51,140487826,149396815872.00
2016/05/19,2802.31,2829.40,2801.55,2806.91,111595071,124151054336.00
2016/05/20,2792.89,2825.95,2785.08,2825.48,108700899,123794595840.00
2016/05/23,2826.31,2848.07,2826.26,2843.65,120470455,139950358528.00
2016/05/24,2839.68,2839.70,2807.19,2821.67,111452445,121096060928.00
2016/05/25,2835.03,2843.17,2807.75,2815.09,103527265,117767626752.00
2016/05/26,2813.54,2827.09,2780.76,2822.44,114766797,127105179648.00
2016/05/27,2817.97,2832.80,2809.80,2821.05,109845823,123858862080.00
2016/05/30,2814.65,2830.97,2794.66,2822.45,106319589,115587481600.00
2016/05/31,2822.59,2917.14,2822.59,2916.62,215260341,236528500736.00
2016/06/01,2917.15,2929.08,2909.51,2913.51,188386421,219868053504.00
2016/06/02,2911.22,2925.67,2906.52,2925.23,159716916,185084903424.00
2016/06/03,2929.79,2945.52,2915.19,2938.68,172021023,211302481920.00
2016/06/06,2940.99,2945.94,2922.28,2934.10,141993742,172426788864.00
2016/06/07,2936.28,2938.44,2923.50,2936.04,132987867,163605610496.00
2016/06/08,2932.38,2937.99,2908.37,2927.16,143046071,177377312768.00
2016/06/13,2897.27,2911.16,2832.51,2833.07,169255434,198547767296.00
2016/06/14,2824.23,2843.46,2822.06,2842.19,119755274,138531749888.00
2016/06/15,2814.69,2894.26,2811.78,2887.21,166671069,197199331328.00
2016/06/16,2878.40,2887.74,2865.39,2872.82,173882767,201957163008.00
2016/06/17,2873.01,2900.30,2872.18,2885.11,171472517,195432497152.00
2016/06/20,2887.64,2891.66,2864.02,2888.81,136571051,163734437888.00
2016/06/21,2898.38,2919.30,2869.18,2878.56,164359089,198201917440.00
2016/06/22,2872.73,2905.98,2869.51,2905.55,130590424,156339388416.00
2016/06/23,2902.40,2904.11,2878.66,2891.96,136137375,163680272384.00
2016/06/24,2883.76,2899.57,2807.60,2854.29,190842609,214913449984.00
2016/06/27,2840.56,2895.73,2840.28,2895.70,156697472,189854728192.00
2016/06/28,2885.01,2913.58,2878.82,2912.56,173871047,211079299072.00
2016/06/29,2918.53,2934.00,2915.06,2931.59,193215586,223406358528.00
2016/06/30,2931.48,2938.14,2922.31,2929.61,154464930,187459796992.00
2016/07/01,2931.80,2944.99,2925.81,2932.48,141246227,173006192640.00
2016/07/04,2924.29,2992.50,2922.52,2988.60,222017132,253150363648.00
2016/07/05,2991.75,3010.27,2990.64,3006.39,235204450,270418018304.00
2016/07/06,2998.52,3017.65,2984.83,3017.29,212370920,246497837056.00
2016/07/07,3009.35,3024.11,2994.64,3016.85,222681667,270197129216.00
2016/07/08,3000.33,3001.55,2983.88,2988.09,168986859,209672667136.00
2016/07/11,2993.75,3022.94,2990.91,2994.92,224338224,271916498944.00
2016/07/12,2992.52,3049.68,2984.42,3049.38,259486295,288656752640.00
2016/07/13,3049.51,3069.05,3048.20,3060.69,253659384,279350870016.00
2016/07/14,3054.97,3057.05,3036.52,3054.02,180194804,208939024384.00
2016/07/15,3056.68,3062.68,3044.54,3054.30,172866398,202840555520.00
2016/07/18,3047.64,3058.32,3031.64,3043.56,177496562,206667710464.00
2016/07/19,3040.23,3043.60,3014.29,3036.60,155361466,187206729728.00
2016/07/20,3034.71,3043.00,3022.63,3027.90,138242815,171472912384.00
2016/07/21,3027.60,3053.33,3027.37,3039.01,163767370,200278458368.00
2016/07/22,3038.12,3039.27,3007.46,3012.82,162010181,197517344768.00
2016/07/25,3008.09,3027.12,3003.29,3015.83,144206582,175421997056.00
2016/07/26,3014.04,3050.61,3013.80,3050.17,156694506,185474465792.00
2016/07/27,3050.37,3057.42,2939.23,2992.00,280160915,316811378688.00
2016/07/28,2980.50,3003.36,2968.18,2994.32,190564950,217627000832.00
2016/07/29,2992.54,3000.05,2972.92,2979.34,150101534,170198564864.00
2016/08/01,2971.95,2972.88,2931.96,2953.39,147407763,162372681728.00
2016/08/02,2950.08,2971.28,2946.64,2971.28,115468900,129266876416.00
2016/08/03,2963.21,2981.16,2956.79,2978.46,141141332,159088263168.00
2016/08/04,2976.41,2982.86,2958.93,2982.43,133933301,153307971584.00
2016/08/05,2978.78,2991.68,2971.56,2976.70,141857101,161795981312.00
2016/08/08,2972.62,3004.72,2959.05,3004.28,155729833,172089655296.00
2016/08/09,3001.31,3025.91,2998.68,3025.68,169995446,187716861952.00
2016/08/10,3023.47,3033.20,3017.09,3018.75,164675165,184525176832.00
2016/08/11,3013.68,3038.05,3001.17,3002.64,161879481,179861520384.00
2016/08/12,3000.27,3051.05,2999.04,3050.67,168173657,179304890368.00
2016/08/15,3056.48,3137.48,3053.87,3125.20,297616506,327991132160.00
2016/08/16,3130.53,3140.44,3102.07,3110.04,278328934,308544864256.00
2016/08/17,3106.99,3114.25,3090.28,3109.55,213839637,243405258752.00
2016/08/18,3107.75,3125.58,3093.32,3104.11,229359081,256969670656.00
2016/08/19,3100.39,3113.34,3082.77,3108.10,194347453,212050968576.00
2016/08/22,3107.38,3112.74,3083.59,3084.81,185387927,207638872064.00
2016/08/23,3081.57,3101.11,3073.53,3089.71,161368965,179183484928.00
2016/08/24,3092.02,3097.15,3079.55,3085.88,145707440,168362524672.00
2016/08/25,3073.44,3073.44,3041.51,3068.33,174032980,200859746304.00
2016/08/26,3069.85,3087.65,3063.89,3070.31,149663901,176309501952.00
2016/08/29,3068.46,3074.94,3058.79,3070.03,144500007,166397345792.00
2016/08/30,3071.44,3082.99,3065.97,3074.68,140434811,163878830080.00
2016/08/31,3072.92,3087.70,3063.40,3085.49,141368609,168986116096.00
2016/09/01,3083.96,3088.70,3062.88,3063.31,155191093,177093296128.00
2016/09/02,3057.49,3072.53,3050.49,3067.35,150446920,170592141312.00
2016/09/05,3070.71,3085.49,3065.33,3072.10,144963317,161243676672.00
2016/09/06,3071.06,3095.51,3053.19,3090.71,172908524,193057734656.00
2016/09/07,3091.33,3105.68,3087.88,3091.93,186956763,207162114048.00
2016/09/08,3089.95,3096.78,3083.90,3095.95,145883771,165944475648.00
2016/09/09,3095.43,3101.79,3078.22,3078.85,160692924,182056239104.00
2016/09/12,3037.51,3040.95,2999.93,3021.98,206012086,221846568960.00
2016/09/13,3025.03,3029.72,3008.74,3023.51,135387580,152791302144.00
2016/09/14,3008.90,3017.94,2995.42,3002.85,133413401,148148977664.00
2016/09/19,3005.32,3026.65,3005.32,3026.05,119225027,133168824320.00
2016/09/20,3027.17,3027.82,3015.88,3023.00,118924117,139662295040.00
2016/09/21,3021.58,3032.45,3017.54,3025.87,115721213,134133727232.00
2016/09/22,3038.42,3054.44,3035.07,3042.31,139309554,159031066624.00
2016/09/23,3044.79,3046.80,3032.80,3033.90,125590976,147377733632.00
2016/09/26,3028.24,3028.24,2980.12,2980.43,144330286,162257240064.00
2016/09/27,2974.59,2998.23,2969.13,2998.17,121701450,133372706816.00
2016/09/28,3000.70,3000.70,2984.32,2987.86,104625697,116437377024.00
2016/09/29,2992.17,3009.20,2991.91,2998.48,113213919,122728570880.00
2016/09/30,2994.25,3009.20,2993.06,3004.70,101333562,112794542080.00
2016/10/10,3020.46,3048.24,3014.62,3048.14,160051104,175521792000.00
2016/10/11,3051.62,3066.10,3048.02,3065.25,167273496,183787651072.00
2016/10/12,3057.32,3060.51,3048.89,3058.50,142493577,159982960640.00
2016/10/13,3057.97,3065.00,3052.64,3061.35,154756725,166335873024.00
2016/10/14,3056.99,3064.79,3043.18,3063.81,155373705,163792994304.00
2016/10/17,3064.69,3068.81,3033.75,3041.17,163733265,180594081792.00
2016/10/18,3037.40,3084.19,3037.40,3083.88,182042460,196036132864.00
2016/10/19,3085.75,3096.22,3076.77,3084.72,182470143,197481136128.00
2016/10/20,3084.91,3089.68,3076.29,3084.46,160691364,177674534912.00
2016/10/21,3081.39,3101.85,3069.27,3090.94,187388072,201953656832.00
2016/10/24,3092.05,3137.03,3090.79,3128.25,240522349,250354401280.00
2016/10/25,3127.97,3132.50,3121.05,3131.94,203380898,220861464576.00
2016/10/26,3129.84,3129.84,3110.39,3116.31,191663263,215767711744.00
2016/10/27,3112.60,3114.76,3100.39,3112.35,158008789,182237118464.00
2016/10/28,3111.70,3128.64,3101.24,3104.27,181774123,212593016832.00
2016/10/31,3097.19,3102.30,3081.07,3100.49,151506764,178427740160.00
2016/11/01,3101.66,3122.61,3097.04,3122.44,160232032,195831595008.00
2016/11/02,3115.73,3118.98,3099.82,3102.73,182722067,221676535808.00
2016/11/03,3096.76,3140.93,3094.10,3128.94,222986260,265820356608.00
2016/11/04,3126.35,3141.33,3119.54,3125.32,197683197,239043264512.00
2016/11/07,3124.89,3139.20,3117.10,3133.33,179418490,210602328064.00
2016/11/08,3140.94,3156.88,3134.95,3147.89,190846979,221585113088.00
2016/11/09,3146.08,3146.95,3096.95,3128.37,241114958,277229404160.00
2016/11/10,3148.54,3172.31,3148.54,3171.28,244192602,285992812544.00
2016/11/11,3169.40,3202.74,3166.07,3196.04,310854579,343773937664.00
2016/11/14,3187.71,3221.46,3186.80,3210.37,329608313,346974617600.00
2016/11/15,3209.95,3214.29,3195.04,3206.99,240886350,267003871232.00
2016/11/16,3208.50,3210.89,3195.41,3205.06,221766993,244854505472.00
2016/11/17,3198.50,3211.05,3187.21,3208.45,214206240,226775859200.00
2016/11/18,3207.19,3212.39,3187.50,3192.86,209826639,235352064000.00
2016/11/21,3188.50,3229.76,3188.28,3218.15,230652844,263177814016.00
2016/11/22,3220.98,3249.68,3220.98,3248.35,261631547,292484841472.00
2016/11/23,3247.94,3262.88,3231.59,3241.14,249959592,277942468608.00
2016/11/24,3237.43,3257.86,3232.87,3241.74,232324527,267224711168.00
2016/11/25,3241.24,3262.44,3209.60,3261.94,233921601,259117039616.00
2016/11/28,3270.05,3288.34,3267.67,3277.00,281551253,300460146688.00
2016/11/29,3269.23,3301.21,3263.40,3282.92,320836287,348149350400.00
2016/11/30,3272.14,3277.27,3239.52,3250.03,243576053,262808731648.00
2016/12/01,3257.03,3279.67,3256.26,3273.31,237759864,261553930240.00
2016/12/02,3270.12,3279.71,3235.28,3243.84,259567205,281559105536.00
2016/12/05,3203.78,3219.52,3194.88,3204.71,223010394,238598029312.00
2016/12/06,3202.03,3215.31,3196.52,3199.65,157572693,177170153472.00
2016/12/07,3198.47,3222.43,3189.49,3222.24,169072847,189443850240.00
2016/12/08,3225.55,3228.12,3211.47,3215.37,170710173,197802065920.00
2016/12/09,3209.34,3244.80,3207.04,3232.88,204023956,226387148800.00
2016/12/12,3233.67,3245.09,3149.90,3152.97,274708461,294260146176.00
2016/12/13,3138.99,3162.50,3118.71,3155.04,185164495,203175460864.00
2016/12/14,3149.38,3170.02,3136.35,3140.53,201358887,219206156288.00
2016/12/15,3125.76,3138.78,3100.91,3117.68,189990626,212863238144.00
2016/12/16,3111.51,3128.87,3106.35,3122.98,164988699,189844750336.00
2016/12/19,3120.70,3125.28,3110.08,3118.08,154169716,174500233216.00
2016/12/20,3115.90,3117.01,3084.80,3102.88,157426759,171611881472.00
2016/12/21,3107.24,3140.25,3107.24,3137.43,186706607,204247810048.00
2016/12/22,3132.16,3143.17,3126.89,3139.56,167804990,185981550592.00
2016/12/23,3134.93,3138.40,3103.75,3110.15,166176769,189281173504.00
2016/12/26,3095.58,3122.88,3068.42,3122.57,152571881,170555604992.00
2016/12/27,3117.39,3127.88,3113.75,3114.66,141528939,162193915904.00
2016/12/28,3113.77,3118.78,3094.55,3102.24,135727087,154329645056.00
2016/12/29,3095.84,3111.80,3087.34,3096.10,132623292,149919186944.00
2016/12/30,3097.35,3108.84,3089.99,3103.64,133267130,151732781056.00
2017/01/03,3105.31,3136.46,3105.31,3135.92,141567187,159887147008.00
2017/01/04,3133.79,3160.10,3130.11,3158.79,167860850,195914285056.00
2017/01/05,3157.91,3168.50,3154.28,3165.41,174727645,199692025856.00
2017/01/06,3163.78,3172.03,3153.03,3154.32,183708966,207296036864.00
2017/01/09,3148.53,3173.14,3147.74,3171.24,171714075,192110575616.00
2017/01/10,3167.57,3174.58,3157.33,3161.67,179759216,194963210240.00
2017/01/11,3156.69,3167.03,3136.27,3136.75,178362221,189186457600.00
2017/01/12,3133.60,3144.97,3115.98,3119.29,148889240,161922301952.00
2017/01/13,3116.08,3130.51,3102.16,3112.76,156274214,174438547456.00
2017/01/16,3104.49,3105.14,3044.29,3103.43,257885996,262826049536.00
2017/01/17,3087.03,3108.91,3072.34,3108.77,136157861,154757562368.00
2017/01/18,3104.77,3123.72,3098.59,3113.01,131780128,144546725888.00
2017/01/19,3104.97,3115.78,3094.01,3101.30,123851420,139280465920.00
2017/01/20,3095.82,3125.66,3095.21,3123.14,122366777,141471809536.00
2017/01/23,3125.42,3145.84,3125.42,3136.77,132660392,148145733632.00
2017/01/24,3134.59,3149.53,3131.22,3142.55,125973881,134553853952.00
2017/01/25,3137.65,3151.47,3133.19,3149.55,112073827,126765826048.00
2017/01/26,3149.22,3163.10,3148.91,3159.17,113876772,125013196800.00
2017/02/03,3160.08,3162.68,3136.01,3140.17,92224736,108023660544.00
2017/02/06,3143.09,3158.84,3135.39,3156.98,127198283,150067691520.00
2017/02/07,3154.40,3159.54,3140.04,3153.09,128337442,152559091712.00
2017/02/08,3148.09,3167.45,3132.03,3166.98,144920187,170854121472.00
2017/02/09,3164.69,3186.84,3162.57,3183.18,191640327,209723162624.00
2017/02/10,3183.01,3205.05,3182.80,3196.70,239348913,245772156928.00
2017/02/13,3198.99,3219.41,3198.99,3216.84,220191508,236158763008.00
2017/02/14,3216.14,3219.40,3205.29,3217.93,188798088,204253822976.00
2017/02/15,3215.46,3236.00,3206.56,3212.99,241507706,257965244416.00
2017/02/16,3210.36,3230.28,3207.79,3229.62,216955942,226587607040.00
2017/02/17,3227.71,3238.40,3199.42,3202.08,226228177,248572755968.00
2017/02/20,3198.96,3241.46,3198.96,3239.96,232152096,250276134912.00
2017/02/21,3242.22,3254.34,3239.88,3253.33,211673066,233551183872.00
2017/02/22,3252.69,3261.38,3243.84,3261.22,207453776,234815324160.00
2017/02/23,3258.83,3264.08,3236.36,3251.38,209179800,236822577152.00
2017/02/24,3246.86,3253.96,3233.53,3253.43,186406362,213839036416.00
2017/02/27,3249.19,3251.65,3224.09,3228.66,182581071,211395723264.00
2017/02/28,3225.97,3242.68,3225.97,3241.73,151244318,186019282944.00
2017/03/01,3240.07,3259.98,3237.87,3246.93,190677550,225940963328.00
2017/03/02,3250.52,3256.81,3228.66,3230.03,181215076,223043960832.00
2017/03/03,3219.20,3221.16,3206.61,3218.31,157082368,192707919872.00
2017/03/06,3217.33,3234.66,3215.07,3233.87,156092158,193769177088.00
2017/03/07,3233.09,3242.66,3226.82,3242.41,164064235,209931206656.00
2017/03/08,3240.53,3245.30,3230.61,3240.66,160731388,198225788928.00
2017/03/09,3233.70,3233.88,3205.28,3216.75,167371108,199217643520.00
2017/03/10,3213.73,3222.32,3208.45,3212.76,136672743,173663174656.00
2017/03/13,3209.45,3237.12,3193.16,3237.02,163673760,206919745536.00
2017/03/14,3235.25,3246.33,3231.52,3239.33,146946022,191535120384.00
2017/03/15,3235.40,3243.71,3227.74,3241.76,144055682,185727254528.00
2017/03/16,3247.16,3269.77,3247.16,3268.94,189416002,244508344320.00
2017/03/17,3271.87,3274.19,3232.28,3237.45,200583223,262184042496.00
2017/03/20,3241.11,3251.13,3228.12,3250.81,170548430,213951758336.00
2017/03/21,3250.25,3262.22,3246.70,3261.61,162719306,219121270784.00
2017/03/22,3246.22,3255.78,3229.13,3245.22,189731649,244545454080.00
2017/03/23,3245.81,3262.09,3221.93,3248.55,193029144,258246688768.00
2017/03/24,3247.35,3275.21,3241.12,3269.45,219777914,267094163456.00
2017/03/27,3268.92,3283.24,3262.12,3266.96,201852675,249185533952.00
2017/03/28,3265.63,3265.63,3246.09,3252.95,161710013,203452481536.00
2017/03/29,3252.87,3262.10,3233.28,3241.31,216105575,245371846656.00
2017/03/30,3235.14,3240.02,3195.85,3210.24,247135479,265694871552.00
2017/03/31,3206.25,3226.25,3205.54,3222.51,196442922,214036152320.00
2017/04/05,3235.66,3270.65,3233.24,3270.31,248320202,273201152000.00
2017/04/06,3272.19,3286.67,3265.76,3281.00,245287999,262335594496.00
2017/04/07,3280.62,3295.19,3275.05,3286.62,236108942,266738319360.00
2017/04/10,3285.46,3285.46,3265.01,3269.39,232694616,279415193600.00
2017/04/11,3266.22,3290.39,3244.40,3288.97,281281248,326622412800.00
2017/04/12,3283.84,3284.93,3262.28,3273.83,269381790,311505518592.00
2017/04/13,3265.22,3281.14,3261.49,3275.96,207346875,223287214080.00
2017/04/14,3276.14,3276.71,3238.90,3246.07,214508558,224106676224.00
2017/04/17,3229.95,3229.95,3199.91,3222.17,212737189,227214688256.00
2017/04/18,3215.40,3225.05,3196.49,3196.71,188661353,211866763264.00
2017/04/19,3184.67,3189.44,3147.07,3170.69,213238075,225806057472.00
2017/04/20,3165.67,3178.18,3148.18,3172.10,190873985,220098232320.00
2017/04/21,3170.29,3180.79,3158.63,3173.15,164761740,184131436544.00
2017/04/24,3164.25,3164.25,3111.21,3129.53,186277434,197845254144.00
2017/04/25,3123.89,3145.27,3117.45,3134.57,153418307,174129250304.00
2017/04/26,3132.92,3152.95,3131.42,3140.85,169878107,197112872960.00
2017/04/27,3131.35,3155.00,3097.33,3152.19,211793073,235748327424.00
2017/04/28,3144.02,3154.73,3136.58,3154.66,162889899,183195762688.00
2017/05/02,3147.23,3154.78,3136.54,3143.71,154222962,176389914624.00
2017/05/03,3138.31,3148.29,3123.75,3135.35,163763924,190236606464.00
2017/05/04,3127.11,3143.82,3111.39,3127.37,177967485,200170848256.00
2017/05/05,3114.77,3117.61,3092.09,3103.04,176213641,200273903616.00
2017/05/08,3090.07,3093.45,3067.69,3078.61,180526904,198171688960.00
2017/05/09,3064.85,3084.21,3056.56,3080.53,135066674,152795906048.00
2017/05/10,3078.17,3090.82,3051.59,3052.78,160794452,181624143872.00
2017/05/11,3036.79,3063.56,3016.53,3061.50,191341901,197604065280.00
2017/05/12,3054.11,3090.49,3051.87,3083.51,159684099,175107244032.00
2017/05/15,3085.93,3098.91,3085.93,3090.23,135660728,158269603840.00
2017/05/16,3082.87,3113.51,3060.53,3112.96,173775564,193292107776.00
2017/05/17,3107.80,3119.58,3101.30,3104.44,168674158,194560589824.00
2017/05/18,3082.33,3103.44,3077.96,3090.14,148620035,168149516288.00
2017/05/19,3086.71,3095.48,3081.28,3090.63,129635230,150164226048.00
2017/05/22,3087.17,3103.94,3063.15,3075.68,153683730,170340974592.00
2017/05/23,3069.39,3084.24,3050.84,3061.95,178310599,195073654784.00
2017/05/24,3047.57,3064.81,3022.30,3064.08,139813353,152669208576.00
2017/05/25,3055.34,3114.66,3052.83,3107.83,191391841,201910124544.00
2017/05/26,3101.29,3120.66,3100.39,3110.06,155923486,171327389696.00
2017/05/31,3125.33,3143.28,3111.56,3117.18,152950430,177913315328.00
2017/06/01,3108.42,3113.52,3097.68,3102.62,163015719,180782628864.00
2017/06/02,3094.23,3110.39,3081.85,3105.54,142504925,154454343680.00
2017/06/05,3102.11,3105.51,3084.83,3091.66,132570300,143429795840.00
2017/06/06,3084.54,3102.86,3078.79,3102.13,113439963,127804620800.00
2017/06/07,3101.76,3140.77,3098.95,3140.32,173229014,194287943680.00
2017/06/08,3136.47,3153.26,3132.83,3150.33,152277659,178894290944.00
2017/06/09,3147.45,3165.92,3146.11,3158.40,160136334,181584887808.00
2017/06/12,3149.53,3164.95,3135.31,3139.88,146729425,170223271936.00
2017/06/13,3134.01,3155.99,3131.04,3153.74,128318279,148457865216.00
2017/06/14,3146.75,3149.17,3125.35,3130.67,138347042,160641236992.00
2017/06/15,3125.59,3137.59,3117.08,3132.49,146954245,171124523008.00
2017/06/16,3126.37,3134.25,3117.86,3123.17,129652758,149215477760.00
2017/06/19,3122.16,3146.77,3121.78,3144.37,134891758,151741792256.00
2017/06/20,3148.02,3150.46,3134.61,3140.01,141191802,162498019328.00
2017/06/21,3148.99,3157.03,3132.62,3156.21,136688268,167048216576.00
2017/06/22,3152.24,3186.98,3146.64,3147.45,191344006,220438446080.00
2017/06/23,3138.44,3158.05,3118.09,3157.87,154843648,175568519168.00
2017/06/26,3157.00,3187.89,3156.98,3185.44,173579211,200419295232.00
2017/06/27,3183.42,3193.46,3172.46,3191.20,148201198,167523794944.00
2017/06/28,3183.63,3193.44,3170.79,3173.20,146516720,162081095680.00
2017/06/29,3174.98,3188.77,3174.28,3188.06,128755470,147249790976.00
2017/06/30,3176.95,3193.24,3171.57,3192.43,121464543,143195602944.00
2017/07/03,3192.00,3196.29,3177.02,3195.91,140305717,156575776768.00
2017/07/04,3192.89,3193.06,3174.31,3182.80,141114967,161454555136.00
2017/07/05,3179.22,3207.31,3174.71,3207.13,148296483,173554008064.00
2017/07/06,3203.86,3215.95,3188.77,3212.44,175809287,202209624064.00
2017/07/07,3203.82,3219.52,3195.29,3217.96,176715416,201938321408.00
2017/07/10,3208.46,3223.34,3203.21,3212.63,198928010,222828314624.00
2017/07/11,3201.52,3226.91,3199.22,3203.04,187837262,205493370880.00
2017/07/12,3201.93,3215.20,3177.93,3197.54,186900880,201799614464.00
2017/07/13,3192.36,3219.27,3190.34,3218.16,195303611,210820890624.00
2017/07/14,3212.03,3222.98,3204.85,3222.42,160126773,174312144896.00
2017/07/17,3219.79,3230.35,3139.50,3176.46,266205274,274653249536.00
2017/07/18,3159.73,3187.67,3150.13,3187.57,190623060,196452368384.00
2017/07/19,3181.40,3232.94,3179.73,3230.98,272420726,269771014144.00
2017/07/20,3227.51,3246.24,3225.43,3244.86,232108392,245825421312.00
2017/07/21,3236.59,3247.71,3231.96,3237.98,206003251,221956915200.00
2017/07/24,3230.90,3261.10,3230.07,3250.60,233056399,250631192576.00
2017/07/25,3249.14,3261.65,3233.14,3243.69,205573873,213405499392.00
2017/07/26,3244.46,3264.85,3228.04,3247.67,213542005,228460511232.00
2017/07/27,3243.76,3251.93,3220.64,3249.78,228485945,242572083200.00
2017/07/28,3240.17,3256.37,3232.96,3253.24,182226880,198428590080.00
2017/07/31,3252.75,3276.95,3251.19,3273.03,246039440,253525917696.00
2017/08/01,3274.37,3292.64,3273.50,3292.64,237194594,256419938304.00
2017/08/02,3288.52,3305.43,3282.04,3285.06,266730628,279352344576.00
2017/08/03,3279.99,3293.37,3262.16,3272.93,233277004,243549536256.00
2017/08/04,3269.32,3287.19,3261.31,3262.08,275906340,285634756608.00
2017/08/07,3257.67,3280.10,3243.72,3279.46,231173379,231874379776.00
2017/08/08,3277.19,3285.48,3269.66,3281.87,252043537,255770181632.00
2017/08/09,3277.81,3277.94,3263.85,3275.57,235597907,237815119872.00
2017/08/10,3269.73,3282.52,3236.18,3261.75,240684622,251854045184.00
2017/08/11,3237.92,3245.12,3200.75,3208.54,262962995,266998267904.00
2017/08/14,3206.04,3240.05,3206.04,3237.36,190346796,209096081408.00
2017/08/15,3235.23,3263.59,3235.10,3251.26,182297997,204595855360.00
2017/08/16,3247.85,3248.78,3228.87,3246.45,176852051,200832532480.00
2017/08/17,3253.85,3269.14,3251.46,3268.43,203622551,228376936448.00
2017/08/18,3253.24,3275.08,3248.08,3268.72,191122483,218437746688.00
2017/08/21,3274.58,3287.52,3270.48,3286.91,186122483,209718591488.00
2017/08/22,3287.61,3293.48,3274.94,3290.23,186537991,222927486976.00
2017/08/23,3283.80,3299.46,3274.44,3287.70,179832208,204330418176.00
2017/08/24,3287.96,3297.99,3266.36,3271.51,163468937,186245054464.00
2017/08/25,3271.46,3331.91,3271.46,3331.52,205839482,227141025792.00
2017/08/28,3336.13,3375.03,3336.13,3362.65,257461438,305319870464.00
2017/08/29,3362.06,3374.59,3354.46,3365.23,219504535,268916097024.00
2017/08/30,3361.82,3376.65,3357.08,3363.63,246863312,279640801280.00
2017/08/31,3361.46,3367.36,3340.69,3360.81,234419781,269133103104.00
2017/09/01,3365.99,3381.93,3358.47,3367.12,282497584,313722077184.00
2017/09/04,3369.72,3381.40,3359.13,3379.58,267427849,296348418048.00
2017/09/05,3377.20,3390.82,3371.57,3384.32,216552946,245596602368.00
2017/09/06,3372.43,3391.01,3364.76,3385.39,229090785,262034653184.00
2017/09/07,3383.63,3387.80,3363.18,3365.50,221118685,264037023744.00
2017/09/08,3364.43,3380.89,3353.69,3365.24,198405184,235160223744.00
2017/09/11,3365.35,3384.81,3360.05,3376.42,219011019,256888815616.00
2017/09/12,3381.49,3391.07,3370.85,3379.49,272910319,325024940032.00
2017/09/13,3374.72,3387.14,3366.54,3384.15,194550715,230733414400.00
2017/09/14,3383.47,3391.64,3361.33,3371.43,221306487,256744423424.00
2017/09/15,3365.15,3365.53,3345.33,3353.62,219765816,252910682112.00
2017/09/18,3352.51,3371.75,3352.51,3362.86,190319676,227938631680.00
2017/09/19,3365.53,3370.40,3344.71,3356.84,191129691,220728737792.00
2017/09/20,3352.18,3370.10,3346.54,3366.00,192196661,225839071232.00
2017/09/21,3364.70,3377.88,3356.88,3357.81,197448695,231946125312.00
2017/09/22,3347.16,3356.45,3334.98,3352.53,179234007,206583463936.00
2017/09/25,3344.59,3350.96,3334.94,3341.55,169621293,202401693696.00
2017/09/26,3336.35,3347.16,3332.60,3343.58,132628595,159039635456.00
2017/09/27,3340.82,3349.69,3340.30,3345.27,143086945,168981331968.00
2017/09/28,3343.84,3344.60,3336.18,3339.64,149444300,181955624960.00
2017/09/29,3340.31,3357.02,3340.31,3348.94,144862443,175892824064.00
2017/10/09,3403.25,3410.17,3366.97,3374.38,191736057,227440590848.00
2017/10/10,3373.34,3384.03,3358.80,3382.99,179423841,231148617728.00
2017/10/11,3381.49,3395.78,3379.16,3388.28,181476704,231154499584.00
2017/10/12,3385.53,3390.20,3372.53,3386.10,161809380,201667870720.00
2017/10/13,3384.49,3395.75,3383.24,3390.52,139954764,181118451712.00
2017/10/16,3393.21,3400.51,3374.77,3378.47,174330620,221650681856.00
2017/10/17,3373.23,3382.41,3365.56,3372.04,125381725,162910830592.00
2017/10/18,3373.53,3383.23,3371.92,3381.79,157228791,194298773504.00
2017/10/19,3374.64,3378.74,3359.63,3370.17,158476495,187921285120.00
2017/10/20,3363.51,3379.77,3360.10,3378.65,127172851,155065090048.00
2017/10/23,3382.28,3385.29,3374.71,3380.70,130846289,164369448960.00
2017/10/24,3376.60,3388.69,3374.12,3388.25,139897511,178552881152.00
2017/10/25,3384.86,3398.30,3382.03,3396.90,123131222,160060702720.00
2017/10/26,3397.52,3414.24,3391.45,3407.57,183768625,238596128768.00
2017/10/27,3404.50,3421.10,3402.11,3416.81,170257173,212377190400.00
2017/10/30,3413.87,3419.73,3357.28,3390.34,208349286,257776648192.00
2017/10/31,3381.00,3397.10,3376.12,3393.34,153498206,199929577472.00
2017/11/01,3393.97,3410.35,3388.60,3395.91,180566127,231978385408.00
2017/11/02,3391.65,3391.65,3372.21,3383.31,166864267,210014978048.00
2017/11/03,3377.74,3380.57,3347.36,3371.74,172714790,207437938688.00
2017/11/06,3369.69,3389.38,3356.53,3388.17,154636468,204311232512.00
2017/11/07,3389.47,3415.15,3387.95,3413.57,190571746,242595954688.00
2017/11/08,3409.15,3434.49,3404.88,3415.46,185436470,242025594880.00
2017/11/09,3410.67,3428.77,3408.62,3427.79,158650426,205433667584.00
2017/11/10,3423.18,3438.79,3414.33,3432.67,189276503,255772114944.00
2017/11/13,3435.18,3449.16,3435.08,3447.84,205389054,266738122752.00
2017/11/14,3446.55,3450.49,3419.69,3429.55,196472674,267435425792.00
2017/11/15,3416.21,3423.75,3396.38,3402.52,168792076,239734194176.00
2017/11/16,3393.19,3409.65,3390.59,3399.25,156684332,220862464000.00
2017/11/17,3392.68,3403.29,3373.30,3382.91,249458153,313750355968.00
2017/11/20,3361.36,3393.11,3337.12,3392.40,176524683,228308140032.00
2017/11/21,3382.36,3419.80,3377.60,3410.50,196871803,265303851008.00
2017/11/22,3417.33,3442.18,3404.29,3430.46,213567093,273674731520.00
2017/11/23,3425.01,3429.42,3342.33,3351.92,215265393,270469021696.00
2017/11/24,3340.38,3360.75,3328.33,3353.82,159569663,207623880704.00
2017/11/27,3346.66,3347.05,3315.26,3322.23,166439170,205803405312.00
2017/11/28,3311.23,3333.80,3300.78,3333.66,138247799,167062929408.00
2017/11/29,3335.57,3343.06,3305.57,3337.86,183805932,217769443328.00
2017/11/30,3328.64,3340.92,3306.28,3317.19,156595851,192076791808.00
2017/12/01,3315.11,3324.52,3302.44,3317.62,139198300,177490264064.00
2017/12/04,3310.38,3324.00,3304.10,3309.62,148053288,185025363968.00
2017/12/05,3301.69,3315.74,3300.51,3303.68,208278862,243489603584.00
2017/12/06,3291.31,3296.20,3254.61,3293.96,151604452,179174375424.00
2017/12/07,3283.28,3291.28,3259.16,3272.05,132105900,161764589568.00
2017/12/08,3264.48,3297.13,3258.76,3289.99,133209314,165761646592.00
2017/12/11,3290.49,3322.67,3288.29,3322.20,131965984,172986433536.00
2017/12/12,3320.31,3320.31,3280.33,3280.81,124604827,160978616320.00
2017/12/13,3278.40,3304.01,3273.32,3303.04,111998647,145295310848.00
2017/12/14,3302.93,3309.53,3282.57,3292.44,120544235,151346085888.00
2017/12/15,3287.53,3287.53,3259.39,3266.14,130940618,161877917696.00
2017/12/18,3268.03,3280.54,3254.18,3267.92,120700389,149738225664.00
2017/12/19,3266.02,3296.94,3266.02,3296.54,115140134,150786588672.00
2017/12/20,3296.74,3300.21,3276.12,3287.61,137745118,167961853952.00
2017/12/21,3281.12,3309.22,3267.40,3300.06,142127927,173740097536.00
2017/12/22,3297.69,3307.33,3293.44,3297.06,124047326,152099438592.00
2017/12/25,3296.21,3312.30,3270.44,3280.46,146893635,177293590528.00
2017/12/26,3277.84,3307.30,3274.33,3306.12,142434501,174679261184.00
2017/12/27,3302.46,3307.08,3270.35,3275.78,162674890,198264668160.00
2017/12/28,3272.29,3304.10,3263.73,3296.38,175371670,208019865600.00
2017/12/29,3295.25,3308.22,3292.77,3307.17,141586836,170356752384.00
2018/01/02,3314.03,3349.05,3314.03,3348.33,202278860,227788455936.00
2018/01/03,3347.74,3379.92,3345.29,3369.11,213836149,258366521344.00
2018/01/04,3371.00,3392.83,3365.30,3385.71,206955288,243090767872.00
2018/01/05,3386.46,3402.07,3380.25,3391.75,213060681,248187846656.00
2018/01/08,3391.55,3412.73,3384.56,3409.48,236165106,286213210112.00
2018/01/09,3406.11,3417.23,3403.59,3413.90,191488551,238249967616.00
2018/01/10,3414.11,3430.21,3398.84,3421.83,209094997,254515445760.00
2018/01/11,3415.58,3426.48,3405.64,3425.35,173812133,218414137344.00
2018/01/12,3423.88,3435.42,3417.98,3428.94,174063404,215961452544.00
2018/01/15,3428.95,3442.50,3402.31,3410.49,232009283,286362730496.00
2018/01/16,3403.47,3437.58,3401.96,3436.59,211475468,266578821120.00
2018/01/17,3438.58,3465.20,3430.51,3444.67,261045030,316532686848.00
2018/01/18,3449.88,3476.55,3448.79,3474.75,220039555,267692638208.00
2018/01/19,3481.62,3498.43,3474.29,3487.86,247536733,294189072384.00
2018/01/22,3476.99,3503.39,3475.67,3501.36,217487534,261295718400.00
2018/01/23,3504.34,3547.22,3504.34,3546.50,238705904,282091880448.00
2018/01/24,3553.48,3569.49,3527.11,3559.47,252954496,307629228032.00
2018/01/25,3555.17,3571.48,3528.03,3548.31,243413422,287989530624.00
2018/01/26,3535.49,3574.90,3534.20,3558.13,222698295,258149515264.00
2018/01/29,3563.64,3587.03,3510.27,3523.00,236026965,285417013248.00
2018/01/30,3511.50,3523.05,3484.66,3488.01,186369975,224681689088.00
2018/01/31,3470.51,3495.45,3454.73,3480.83,207253403,242657951744.00
2018/02/01,3478.67,3495.09,3424.42,3446.98,260504707,292882251776.00
2018/02/02,3419.22,3463.16,3388.86,3462.08,208120551,236278759424.00
2018/02/05,3411.67,3487.72,3406.24,3487.50,217673754,252198764544.00
2018/02/06,3418.01,3440.12,3364.22,3370.65,280555477,318818549760.00
2018/02/07,3412.74,3425.54,3304.01,3309.26,260939714,295264419840.00
2018/02/08,3281.05,3307.16,3225.71,3262.05,201262499,222348689408.00
2018/02/09,3172.85,3180.11,3062.74,3129.85,256389176,272095084544.00
2018/02/12,3128.37,3168.13,3113.61,3154.13,153310831,171003183104.00
2018/02/13,3176.11,3219.22,3176.11,3184.96,151527597,172045205504.00
2018/02/14,3188.25,3203.50,3171.38,3199.16,100322827,114552201216.00
2018/02/22,3237.57,3269.92,3234.12,3268.56,138730445,157303881728.00
2018/02/23,3275.43,3294.13,3258.49,3289.02,145790368,159502516224.00
2018/02/26,3307.29,3335.99,3281.62,3329.57,188568602,213333032960.00
2018/02/27,3328.67,3328.67,3284.63,3292.07,174219368,204394381312.00
2018/02/28,3264.06,3277.83,3239.84,3259.41,151043536,180233814016.00
2018/03/01,3235.09,3280.15,3228.58,3273.75,159098320,185277775872.00
2018/03/02,3248.45,3269.94,3242.27,3254.53,150861063,178602999808.00
2018/03/05,3255.87,3269.40,3236.72,3256.93,144835988,174148632576.00
2018/03/06,3266.49,3290.25,3243.65,3289.64,195358046,224381796352.00
2018/03/07,3288.86,3308.41,3264.76,3271.67,168665019,193489338368.00
2018/03/08,3268.35,3289.50,3261.55,3288.41,149827519,175895396352.00
2018/03/09,3291.43,3309.72,3283.56,3307.17,168424509,202349182976.00
2018/03/12,3319.21,3333.56,3313.56,3326.70,206532436,247894179840.00
2018/03/13,3324.12,3333.88,3307.38,3310.24,177114353,202375118848.00
2018/03/14,3298.67,3304.98,3287.36,3291.38,157491085,183457628160.00
2018/03/15,3277.51,3297.10,3273.20,3291.11,148573606,179516620800.00
2018/03/16,3290.21,3300.57,3269.28,3269.88,141203647,167761526784.00
2018/03/19,3264.93,3280.57,3251.05,3279.25,137954980,169772204032.00
2018/03/20,3257.22,3292.57,3252.43,3290.64,139881081,166979878912.00
2018/03/21,3299.73,3314.21,3268.88,3280.95,168398277,208617684992.00
2018/03/22,3281.26,3288.80,3242.76,3263.48,150432977,184471732224.00
2018/03/23,3172.77,3188.24,3110.66,3152.76,275532013,293405065216.00
2018/03/26,3117.32,3134.28,3091.46,3133.72,186366350,215910252544.00
2018/03/27,3164.80,3172.78,3143.57,3166.65,189073383,227085090816.00
2018/03/28,3130.57,3165.21,3117.53,3122.29,163500488,208617848832.00
2018/03/29,3127.26,3174.51,3098.25,3160.53,170312384,210920226816.00
2018/03/30,3161.79,3177.72,3152.89,3168.90,154646596,196006690816.00
2018/04/02,3169.78,3192.34,3159.99,3163.18,177727777,226253570048.00
2018/04/03,3130.01,3144.33,3119.13,3136.63,152216674,189692723200.00
2018/04/04,3147.05,3163.34,3128.87,3131.11,146976682,193492828160.00
2018/04/09,3125.44,3146.09,3110.30,3138.29,139608621,177236918272.00
2018/04/10,3144.26,3190.65,3139.08,3190.32,168201359,206087405568.00
2018/04/11,3197.37,3220.85,3191.59,3208.08,175867197,211420430336.00
2018/04/12,3203.28,3205.25,3177.05,3180.16,148231313,185040060416.00
2018/04/13,3192.04,3197.90,3155.51,3159.05,127552310,163651747840.00
2018/04/16,3152.89,3153.11,3096.10,3110.65,154415695,192233357312.00
2018/04/17,3112.97,3118.76,3064.03,3066.80,147222846,185428033536.00
2018/04/18,3091.91,3096.89,3041.63,3091.40,159290503,202238967808.00
2018/04/19,3094.27,3127.44,3090.29,3117.38,160056805,196198989824.00
2018/04/20,3105.46,3111.17,3065.92,3071.54,155147091,185139068928.00
2018/04/23,3063.44,3085.06,3045.94,3068.01,131686340,157854793728.00
2018/04/24,3069.75,3136.04,3069.75,3128.93,162274806,195545006080.00
2018/04/25,3112.40,3122.91,3107.00,3117.97,127311053,161298137088.00
2018/04/26,3119.50,3121.93,3067.93,3075.03,133972736,163783770112.00
2018/04/27,3082.41,3088.03,3049.91,3082.23,131225643,179520258048.00
2018/05/02,3087.41,3097.60,3064.76,3081.18,134184566,168246149120.00
2018/05/03,3074.52,3105.66,3056.16,3100.86,139985620,173444956160.00
2018/05/04,3093.12,3104.09,3086.78,3091.03,118711265,148436369408.00
2018/05/07,3094.90,3136.84,3091.66,3136.64,138948186,178243862528.00
2018/05/08,3135.30,3169.70,3134.06,3161.50,146927061,189011640320.00
2018/05/09,3160.14,3165.37,3145.66,3159.15,122637268,153456427008.00
2018/05/10,3169.05,3176.14,3155.53,3174.41,133000756,165440356352.00
2018/05/11,3179.80,3180.76,3162.21,3163.26,130659749,167364296704.00
2018/05/14,3167.04,3183.82,3163.48,3174.03,129327353,172410683392.00
2018/05/15,3180.42,3192.81,3164.52,3192.12,124549051,162990784512.00
2018/05/16,3180.23,3191.95,3166.81,3169.57,130524968,174590984192.00
2018/05/17,3170.01,3172.77,3148.62,3154.28,113995567,150598844416.00
2018/05/18,3151.08,3193.45,3144.78,3193.30,136516918,168038055936.00
2018/05/21,3206.18,3219.74,3203.34,3213.84,164459413,202663460864.00
2018/05/22,3211.25,3214.59,3192.23,3214.35,144292684,185721667584.00
2018/05/23,3205.44,3205.44,3168.96,3168.96,157807648,199358103552.00
2018/05/24,3167.94,3173.53,3152.07,3154.65,124085800,160658178048.00
2018/05/25,3148.41,3156.73,3131.07,3141.30,128610843,166554042368.00
2018/05/28,3136.81,3149.66,3115.96,3135.08,128755918,168191262720.00
2018/05/29,3129.62,3143.21,3112.15,3120.46,135717800,177826103296.00
2018/05/30,3081.14,3085.40,3041.00,3041.44,155115126,191995199488.00
2018/05/31,3061.83,3098.08,3054.27,3095.47,140475532,185199034368.00
2018/06/01,3084.75,3102.09,3059.79,3075.14,129872199,166548881408.00
2018/06/04,3083.43,3098.40,3076.99,3091.19,114593902,154671611904.00
2018/06/05,3088.01,3114.77,3080.05,3114.21,118735592,164806311936.00
2018/06/06,3109.17,3117.53,3103.53,3115.18,120196135,162879963136.00
2018/06/07,3121.18,3128.72,3105.58,3109.50,127784970,167174307840.00
2018/06/08,3100.60,3100.68,3053.29,3067.15,134688220,161178779648.00
2018/06/11,3057.34,3063.61,3037.91,3052.78,108563786,143037317120.00
2018/06/12,3053.03,3081.45,3034.10,3079.80,113275096,154469089280.00
2018/06/13,3071.46,3071.46,3044.12,3049.80,119607886,155935260672.00
2018/06/14,3038.07,3066.05,3032.41,3044.16,115469487,147588825088.00
2018/06/15,3037.45,3048.80,3008.73,3021.90,144532571,162196013056.00
2018/06/19,2982.65,2984.97,2871.35,2907.82,230550067,241203642368.00
2018/06/20,2889.98,2925.56,2872.16,2915.73,144301420,153334284288.00
2018/06/21,2912.00,2940.59,2872.62,2875.81,154378332,159713165312.00
2018/06/22,2855.58,2891.97,2837.14,2889.76,126143129,127161475072.00
2018/06/25,2903.45,2908.62,2857.87,2859.34,121917687,132350468096.00
2018/06/26,2829.99,2850.24,2803.79,2844.51,125918468,138447241216.00
2018/06/27,2842.40,2854.26,2798.80,2813.18,129420833,142413496320.00
2018/06/28,2799.90,2825.99,2782.45,2786.90,118357907,129687429120.00
2018/06/29,2789.81,2848.37,2782.38,2847.42,125671685,135652376576.00
2018/07/02,2841.58,2845.68,2756.82,2775.56,137035034,147562758144.00
2018/07/03,2774.57,2786.89,2722.45,2786.89,142498466,161668022272.00
2018/07/04,2776.63,2793.18,2754.16,2759.13,123262181,131016163328.00
2018/07/05,2755.34,2777.52,2727.94,2733.88,129226112,132993671168.00
2018/07/06,2731.35,2768.87,2691.02,2747.23,136294380,148193034240.00
2018/07/09,2752.45,2815.79,2752.45,2815.11,121549309,135654522880.00
2018/07/10,2819.71,2828.49,2800.63,2827.63,117062748,132633116672.00
2018/07/11,2780.70,2794.36,2752.44,2777.77,126821149,138318168064.00
2018/07/12,2771.04,2844.19,2771.04,2837.66,146980200,170319085568.00
2018/07/13,2831.43,2835.46,2818.85,2831.18,117689348,146300878848.00
2018/07/16,2827.08,2837.51,2804.49,2814.04,107767151,129411194880.00
2018/07/17,2806.89,2806.92,2774.76,2798.13,105409220,124035194880.00
2018/07/18,2801.78,2818.40,2786.04,2787.26,120961165,138557145088.00
2018/07/19,2791.02,2805.01,2764.49,2772.55,114486493,129374568448.00
2018/07/20,2769.75,2837.86,2753.84,2829.27,145907688,155661123584.00
2018/07/23,2815.20,2863.57,2809.62,2859.54,173382797,186996850688.00
2018/07/24,2862.27,2911.46,2862.27,2905.56,229578307,228701880320.00
2018/07/25,2911.45,2912.31,2894.04,2903.65,167800207,166412075008.00
2018/07/26,2905.79,2915.30,2875.70,2882.23,168428202,157496688640.00
2018/07/27,2879.69,2889.69,2864.11,2873.59,146371610,132419371008.00
2018/07/30,2871.94,2896.01,2850.30,2869.05,151652249,145988583424.00
2018/07/31,2866.90,2884.68,2854.32,2876.40,118931117,119528767488.00
2018/08/01,2882.51,2897.40,2823.93,2824.53,149514348,151692869632.00
2018/08/02,2815.34,2815.34,2726.48,2768.02,174179003,169769320448.00
2018/08/03,2763.40,2777.66,2740.43,2740.44,127006363,129134690304.00
2018/08/06,2736.53,2760.47,2692.32,2705.16,129753058,132993802240.00
2018/08/07,2711.74,2779.37,2696.04,2779.37,149579743,147259490304.00
2018/08/08,2771.13,2779.91,2741.07,2744.07,147688715,139969757184.00
2018/08/09,2729.58,2801.66,2726.22,2794.38,151660333,151079878656.00
2018/08/10,2791.40,2806.12,2777.51,2795.31,121532232,123112595456.00
2018/08/13,2769.02,2789.80,2742.56,2785.87,127532241,129460543488.00
2018/08/14,2780.74,2789.44,2766.57,2780.96,109571077,112465395712.00
2018/08/15,2777.25,2777.70,2721.24,2723.26,116161787,118707675136.00
2018/08/16,2691.43,2732.95,2672.74,2705.19,120277878,117580996608.00
2018/08/17,2723.89,2730.33,2665.59,2668.97,112445294,115499393024.00
2018/08/20,2673.07,2698.47,2653.11,2698.47,110784164,114047614976.00
2018/08/21,2700.34,2739.17,2696.29,2733.83,113586839,122260217856.00
2018/08/22,2731.96,2731.96,2709.06,2714.61,93664640,98463973376.00
2018/08/23,2714.87,2736.01,2700.80,2724.62,98446470,107826020352.00
2018/08/24,2717.08,2748.82,2705.32,2729.43,100516269,102665797632.00
2018/08/27,2736.32,2780.90,2736.32,2780.90,132762578,141429686272.00
2018/08/28,2782.29,2791.39,2769.40,2777.98,118749367,125118578688.00
2018/08/29,2774.86,2778.54,2762.35,2769.29,100156929,101220663296.00
2018/08/30,2769.33,2780.53,2736.35,2737.74,106060943,106400399360.00
2018/08/31,2730.11,2744.63,2710.54,2725.25,109758742,114813353984.00
2018/09/03,2716.40,2722.85,2692.36,2720.73,102213011,104817688576.00
2018/09/04,2720.65,2756.61,2712.38,2750.58,109010307,113708883968.00
2018/09/05,2741.38,2745.47,2704.34,2704.34,105002269,107269447680.00
2018/09/06,2697.58,2719.41,2683.74,2691.59,99017833,106266083328.00
2018/09/07,2696.68,2728.55,2683.72,2702.30,107523293,113840070656.00
2018/09/10,2698.01,2703.43,2667.32,2669.48,103559170,102860718080.00
2018/09/11,2668.49,2680.57,2652.70,2664.80,99865946,96884580352.00
2018/09/12,2659.74,2672.07,2647.17,2656.11,90026758,93448208384.00
2018/09/13,2679.21,2689.06,2653.19,2686.58,107335014,112464142336.00
2018/09/14,2688.78,2694.92,2675.29,2681.64,100005008,104992358400.00
2018/09/17,2671.29,2671.29,2647.92,2651.79,88238888,86962601984.00
2018/09/18,2644.30,2700.19,2644.30,2699.95,115767993,113031888896.00
2018/09/19,2694.80,2746.08,2690.99,2730.85,141550318,140107005952.00
2018/09/20,2732.17,2743.96,2724.08,2729.24,111387463,104875868160.00
2018/09/21,2733.87,2797.49,2722.03,2797.49,158016642,148976353280.00
2018/09/25,2775.07,2790.03,2771.16,2781.14,111983179,108528050176.00
2018/09/26,2785.32,2827.34,2783.34,2806.81,139567706,145058775040.00
2018/09/27,2805.79,2810.51,2786.32,2791.78,123997696,123447713792.00
2018/09/28,2794.26,2821.76,2791.84,2821.35,134290456,125369991168.00
2018/10/08,2768.21,2771.94,2710.18,2716.51,149501388,141531545600.00
2018/10/09,2713.73,2734.31,2711.20,2721.01,116771899,110292459520.00
2018/10/10,2723.72,2743.55,2703.06,2725.84,113485736,111312453632.00
2018/10/11,2643.07,2661.29,2560.32,2583.46,197150702,170057760768.00
2018/10/12,2574.04,2615.92,2536.67,2606.91,170081635,142803206144.00
2018/10/15,2605.91,2611.97,2564.74,2568.10,118576197,105214738432.00
2018/10/16,2567.76,2597.72,2536.44,2546.33,119419144,106792247296.00
2018/10/17,2574.31,2582.55,2517.57,2561.61,129953997,117388353536.00
2018/10/18,2544.91,2544.91,2485.62,2486.42,125428513,106576764928.00
2018/10/19,2460.08,2553.39,2449.20,2550.47,147323558,130095923200.00
2018/10/22,2565.64,2675.41,2565.64,2654.88,211888449,197309808640.00
2018/10/23,2652.65,2659.81,2583.26,2594.83,178343543,166919405568.00
2018/10/24,2579.97,2640.40,2577.77,2603.30,160060407,142082162688.00
2018/10/25,2540.93,2606.10,2531.53,2603.80,162032979,137630187520.00
2018/10/26,2610.90,2626.12,2580.85,2598.85,158936119,133415493632.00
2018/10/29,2593.59,2595.54,2529.19,2542.10,134241923,122500038656.00
2018/10/30,2538.57,2586.92,2521.78,2568.05,166682309,152385929216.00
2018/10/31,2573.01,2612.92,2567.03,2602.78,180550348,154894729216.00
2018/11/01,2617.03,2636.80,2603.65,2606.24,200903932,180253802496.00
2018/11/02,2649.25,2676.48,2628.87,2676.48,225026921,207861563392.00
2018/11/05,2665.43,2673.19,2639.27,2665.43,193760100,168588918784.00
2018/11/06,2660.72,2660.86,2635.32,2659.36,163669479,138800939008.00
2018/11/07,2659.84,2675.68,2639.25,2641.34,173201986,147261816832.00
2018/11/08,2660.09,2662.37,2632.30,2635.63,159635487,128668819456.00
2018/11/09,2621.24,2621.24,2598.16,2598.87,152446307,121260490752.00
2018/11/12,2593.20,2631.17,2590.21,2630.52,175031308,142351433728.00
2018/11/13,2600.50,2666.49,2597.35,2654.88,249282447,189607231488.00
2018/11/14,2648.31,2658.31,2627.96,2632.24,238449351,176970432512.00
2018/11/15,2632.14,2668.17,2631.89,2668.17,207848721,171882496000.00
2018/11/16,2669.78,2695.57,2657.03,2679.11,242198849,204983599104.00
2018/11/19,2681.90,2703.51,2674.18,2703.51,231662827,196562714624.00
2018/11/20,2684.29,2690.83,2643.36,2645.85,215891309,180870414336.00
2018/11/21,2619.82,2653.80,2617.78,2651.51,182596447,149375778816.00
2018/11/22,2655.90,2658.00,2634.48,2645.43,149309063,125570170880.00
2018/11/23,2640.67,2642.04,2577.35,2579.48,191474549,149975646208.00
2018/11/26,2580.84,2595.00,2568.04,2575.81,134314540,108158091264.00
2018/11/27,2585.83,2592.54,2566.17,2574.68,123658436,102226558976.00
2018/11/28,2575.45,2601.96,2561.56,2601.74,145963473,119578492928.00
2018/11/29,2613.78,2617.55,2567.44,2567.44,157168738,129472446464.00
2018/11/30,2564.56,2590.21,2555.32,2588.19,139329021,112219824128.00
2018/12/03,2647.13,2665.30,2629.18,2654.80,207478955,187831795712.00
2018/12/04,2651.56,2666.08,2644.90,2665.96,167940558,144143400960.00
2018/12/05,2629.83,2660.39,2625.91,2649.81,154502056,133730205696.00
2018/12/06,2629.82,2633.68,2603.13,2605.18,141661650,129092976640.00
2018/12/07,2609.34,2614.58,2599.28,2605.89,109074993,97727660032.00
2018/12/10,2589.19,2599.76,2576.24,2584.58,113199669,99148144640.00
2018/12/11,2587.01,2596.15,2583.20,2594.09,101304364,85404123136.00
2018/12/12,2608.11,2610.01,2595.08,2602.15,103518301,88998199296.00
2018/12/13,2607.14,2645.84,2599.46,2634.05,150738115,132396105728.00
2018/12/14,2627.28,2629.16,2593.74,2593.74,145942488,123724988416.00
2018/12/17,2587.26,2598.97,2573.87,2597.97,117363250,102960848896.00
2018/12/18,2583.63,2599.15,2563.57,2576.65,117033370,99306536960.00
2018/12/19,2578.68,2579.87,2547.08,2549.56,107661797,93713178624.00
2018/12/20,2544.51,2554.86,2516.02,2536.27,120566496,103504986112.00
2018/12/21,2526.55,2527.42,2498.69,2516.25,115671200,101360623616.00
2018/12/24,2506.74,2529.44,2500.44,2527.01,97339852,85760933888.00
2018/12/25,2503.95,2513.96,2462.84,2504.82,140670560,114766012416.00
2018/12/26,2501.12,2513.83,2492.08,2498.29,108799629,93989535744.00
2018/12/27,2527.72,2532.00,2483.09,2483.09,135406843,112479764480.00
2018/12/28,2483.62,2505.11,2478.33,2493.90,119245250,105980854272.00
2019/01/02,2497.88,2500.28,2456.42,2465.29,109932013,97592573952.00
2019/01/03,2461.78,2488.48,2455.93,2464.36,124397497,106922786816.00
2019/01/04,2446.02,2515.32,2440.91,2514.87,168877667,139298668544.00
2019/01/07,2528.70,2536.98,2515.51,2533.09,177305010,145513234432.00
2019/01/08,2530.30,2531.35,2520.16,2526.46,158099181,123379040256.00
2019/01/09,2536.42,2574.41,2536.16,2544.35,191887930,160812531712.00
2019/01/10,2543.85,2551.83,2531.66,2535.10,159874326,132692328448.00
2019/01/11,2539.55,2554.79,2533.36,2553.83,149444100,122375659520.00
2019/01/14,2553.33,2556.29,2533.01,2535.77,144825464,116243415040.00
2019/01/15,2537.37,2571.50,2532.43,2570.35,160265530,137374982144.00
2019/01/16,2569.07,2574.24,2563.01,2570.42,149301539,126876311552.00
2019/01/17,2573.58,2582.56,2557.71,2559.64,162468134,127546130432.00
2019/01/18,2567.74,2598.88,2565.90,2596.01,190767237,151270424576.00
2019/01/21,2599.06,2618.98,2599.06,2610.51,163425115,139915493376.00
2019/01/22,2609.64,2609.64,2573.06,2579.70,152537773,122995433472.00
2019/01/23,2575.26,2589.51,2572.41,2581.00,131426798,105101320192.00
2019/01/24,2584.65,2597.29,2569.70,2591.69,154042046,131575037952.00
2019/01/25,2596.26,2617.00,2595.63,2601.72,159394026,135415169024.00
2019/01/28,2615.71,2630.32,2591.10,2596.98,146981765,127465635840.00
2019/01/29,2592.36,2601.74,2559.98,2594.25,155581112,126749048832.00
2019/01/30,2584.75,2598.82,2575.41,2575.58,120502571,101103927296.00
2019/01/31,2581.33,2606.63,2571.58,2584.57,154303869,126013243392.00
2019/02/01,2597.78,2618.48,2590.55,2618.23,131986850,111522627584.00
2019/02/11,2613.17,2654.10,2613.17,2653.90,154898858,137307193344.00
2019/02/12,2654.04,2674.48,2648.83,2671.89,184101179,156741533696.00
2019/02/13,2674.52,2727.08,2666.52,2721.07,243794010,207125315584.00
2019/02/14,2715.54,2729.46,2707.49,2719.70,197037349,170330832896.00
2019/02/15,2712.79,2715.63,2679.79,2682.39,196004265,169823256576.00
2019/02/18,2699.82,2754.36,2699.82,2754.36,260436007,224184074240.00
2019/02/19,2759.50,2780.78,2737.59,2755.65,288046271,247121051648.00
2019/02/20,2761.06,2767.41,2739.98,2761.22,245972527,205446922240.00
2019/02/21,2759.94,2794.01,2744.98,2751.80,298649969,253033381888.00
2019/02/22,2749.46,2804.23,2736.33,2804.23,301481411,264518877184.00
2019/02/25,2838.39,2961.80,2838.39,2961.28,528658590,465991434240.00
2019/02/26,2969.10,2995.68,2938.62,2941.52,565557967,492396544000.00
2019/02/27,2939.93,2997.49,2924.64,2953.82,474976453,411837628416.00
2019/02/28,2950.05,2965.30,2930.20,2940.95,350206602,298763943936.00
2019/03/01,2954.40,2994.01,2930.83,2994.01,345786200,307337658368.00
2019/03/04,3015.94,3090.80,3006.94,3027.58,525649436,480603668480.00
2019/03/05,3019.88,3054.96,3009.45,3054.25,424142529,382768545792.00
2019/03/06,3060.43,3103.83,3050.11,3102.10,555006365,485478334464.00
2019/03/07,3103.67,3129.94,3074.98,3106.42,583817065,525725237248.00
2019/03/08,3038.34,3075.05,2969.58,2969.86,577855473,525598261248.00
2019/03/11,2969.08,3028.25,2963.58,3026.99,426213029,404368424960.00
2019/03/12,3049.08,3093.39,3029.90,3060.31,511173158,487066632192.00
2019/03/13,3062.33,3065.29,3013.93,3026.95,453214625,451247308800.00
2019/03/14,3013.60,3041.16,2968.82,2990.69,373141798,356240359424.00
2019/03/15,3000.88,3048.12,2999.43,3021.75,341206139,344721489920.00
2019/03/18,3027.80,3096.42,3009.51,3096.42,397797179,398469595136.00
2019/03/19,3099.90,3113.43,3076.36,3090.98,350908860,353216790528.00
2019/03/20,3084.17,3102.52,3053.45,3090.64,358557505,349295411200.00
2019/03/21,3094.12,3125.02,3086.85,3101.46,414251182,403939819520.00
2019/03/22,3100.73,3107.28,3064.88,3104.15,364848346,356678336512.00
2019/03/25,3058.80,3087.00,3041.95,3043.03,380278762,375375659008.00
2019/03/26,3057.56,3062.69,2988.49,2997.10,353498021,341444820992.00
2019/03/27,3012.26,3022.76,2987.77,3022.72,291390357,295075971072.00
2019/03/28,3009.80,3025.78,2991.78,2994.94,288106425,289554563072.00
2019/03/29,3000.68,3093.03,2999.99,3090.76,375082991,386699624448.00
2019/04/01,3111.66,3176.62,3111.66,3170.36,466124693,480085934080.00
2019/04/02,3183.27,3193.27,3164.91,3176.82,447068981,462662074368.00
2019/04/03,3159.15,3219.26,3152.33,3216.30,430548635,442622050304.00
2019/04/04,3233.69,3254.14,3216.85,3246.57,469117669,475156381696.00
2019/04/08,3271.27,3288.45,3210.52,3244.81,504518403,506431242240.00
2019/04/09,3240.39,3251.65,3215.70,3239.66,364169997,380272967680.00
2019/04/10,3224.65,3264.78,3204.88,3241.93,380134408,395669962752.00
2019/04/11,3241.55,3254.13,3185.55,3189.96,353031879,360684552192.00
2019/04/12,3184.86,3199.28,3168.04,3188.63,289788996,288908967936.00
2019/04/15,3233.46,3253.98,3177.27,3177.79,348809785,355666132992.00
2019/04/16,3164.40,3253.60,3153.21,3253.60,357918752,360166621184.00
2019/04/17,3250.15,3275.33,3239.80,3263.12,357541796,354509881344.00
2019/04/18,3261.07,3271.39,3241.83,3250.20,325539942,323508174848.00
2019/04/19,3250.15,3274.33,3226.81,3270.80,315198004,315131920384.00
2019/04/22,3278.49,3279.49,3206.88,3215.04,353217387,359154286592.00
2019/04/23,3211.87,3231.58,3186.76,3198.59,328361207,324870176768.00
2019/04/24,3203.56,3210.65,3156.61,3201.61,274872164,278410854400.00
2019/04/25,3190.59,3193.75,3123.03,3123.83,325879129,309076099072.00
2019/04/26,3108.16,3129.21,3085.81,3086.40,280873854,274776408064.00
2019/04/29,3090.63,3107.76,3050.03,3062.50,292114886,289063272448.00
2019/04/30,3052.62,3088.41,3052.62,3078.34,222302517,225498136576.00
2019/05/06,2984.73,2986.54,2876.47,2906.46,326972269,314336509952.00
2019/05/07,2914.29,2937.28,2889.07,2926.39,253281769,245444214784.00
2019/05/08,2873.14,2929.43,2866.70,2893.76,231530519,218892615680.00
2019/05/09,2871.20,2888.86,2845.04,2850.95,200041133,197446877184.00
2019/05/10,2878.23,2941.45,2838.38,2939.21,282306808,274176262144.00
2019/05/13,2905.07,2921.41,2892.17,2903.71,212029882,202624122880.00
2019/05/14,2872.83,2909.20,2872.83,2883.61,208345353,201223307264.00
2019/05/15,2902.64,2945.39,2902.64,2938.68,230519701,226262777856.00
2019/05/16,2933.50,2956.17,2929.06,2955.71,248385701,226203074560.00
2019/05/17,2955.77,2956.78,2873.80,2882.30,266301643,247875174400.00
2019/05/20,2874.80,2882.63,2838.45,2870.60,209472442,199210778624.00
2019/05/21,2867.71,2919.24,2862.50,2905.97,211387022,202777772032.00
2019/05/22,2905.52,2912.40,2879.64,2891.70,200026905,193629372416.00
2019/05/23,2880.84,2885.14,2846.96,2852.52,197340309,192869482496.00
2019/05/24,2847.84,2871.86,2846.02,2853.00,167205490,162689318912.00
2019/05/27,2851.28,2898.13,2833.04,2892.38,196720902,193768718336.00
2019/05/28,2890.27,2924.04,2887.08,2909.91,223310557,227253813248.00
2019/05/29,2894.83,2934.98,2890.66,2914.70,198958821,202855038976.00
2019/05/30,2903.42,2907.85,2881.38,2905.81,205758789,197105549312.00
2019/05/31,2904.50,2922.91,2895.58,2898.70,195230580,191280398336.00
2019/06/03,2901.74,2920.83,2875.90,2890.08,215943554,208073326592.00
2019/06/04,2887.64,2888.39,2851.97,2862.28,188463541,181118910464.00
2019/06/05,2882.94,2888.77,2858.57,2861.42,181561047,175200845824.00
2019/06/06,2862.33,2862.33,2822.19,2827.80,177064411,164850548736.00
2019/06/10,2833.01,2861.13,2824.36,2852.13,166585918,162489827328.00
2019/06/11,2854.07,2927.43,2854.07,2925.72,260525796,254479990784.00
2019/06/12,2917.22,2924.70,2903.88,2909.38,240255775,223063949312.00
2019/06/13,2905.29,2918.42,2885.92,2910.74,212957791,191748210688.00
2019/06/14,2913.00,2924.32,2879.66,2881.97,215435796,194303115264.00
2019/06/17,2880.42,2902.48,2877.39,2887.62,153964960,143141634048.00
2019/06/18,2891.09,2898.33,2874.31,2890.16,147705320,136935235584.00
2019/06/19,2944.12,2953.34,2916.22,2917.80,230756973,225567260672.00
2019/06/20,2917.33,2997.39,2915.09,2987.12,291011537,288296534016.00
2019/06/21,2990.37,3010.35,2989.25,3001.98,286973835,276662452224.00
2019/06/24,3004.29,3012.83,2994.42,3008.15,210493894,211237175296.00
2019/06/25,3004.91,3004.91,2948.99,2982.07,243699244,244315078656.00
2019/06/26,2964.62,2986.91,2958.46,2976.28,174449533,172516048896.00
2019/06/27,2982.61,3011.54,2981.05,2996.79,195397049,208618651648.00
2019/06/28,2992.24,2992.24,2961.22,2978.88,181431523,183641767936.00
2019/07/01,3024.62,3045.37,3014.69,3044.90,250840433,266541056000.00
2019/07/02,3042.58,3048.48,3033.78,3043.94,214520624,229566611456.00
2019/07/03,3031.83,3031.83,3006.32,3015.26,212296173,218657996800.00
2019/07/04,3015.68,3024.50,2991.91,3005.25,194415133,202266394624.00
2019/07/05,3004.74,3014.85,2990.92,3011.06,156755429,163180838912.00
2019/07/08,2997.81,2997.81,2918.72,2933.36,211541268,205568819200.00
2019/07/09,2928.82,2937.76,2912.81,2928.23,145110604,154251427840.00
2019/07/10,2935.19,2936.75,2908.16,2915.30,135483538,141236256768.00
2019/07/11,2928.06,2945.80,2907.89,2917.76,143692522,152181407744.00
2019/07/12,2915.34,2938.53,2905.81,2930.55,137794759,142918877184.00
2019/07/15,2921.55,2955.00,2886.70,2942.19,167643397,176533209088.00
2019/07/16,2938.64,2944.82,2931.29,2937.62,131811751,140766396416.00
2019/07/17,2933.02,2942.07,2924.46,2931.69,149631616,152162959360.00
2019/07/18,2921.74,2921.74,2901.18,2901.18,149888828,149088845824.00
2019/07/19,2909.68,2939.60,2909.68,2924.20,149469553,149071216640.00
2019/07/22,2925.79,2927.16,2879.69,2886.97,180674960,204289441792.00
2019/07/23,2886.90,2901.36,2883.05,2899.94,129310508,148077346816.00
2019/07/24,2907.93,2936.45,2907.79,2923.28,155245762,178858098688.00
2019/07/25,2923.19,2937.36,2916.15,2937.36,145684385,175356379136.00
2019/07/26,2928.06,2948.33,2924.45,2944.54,139343388,158774673408.00
2019/07/29,2943.92,2948.47,2932.98,2941.01,127991846,147439140864.00
2019/07/30,2946.26,2965.63,2946.26,2952.34,148316462,170866343936.00
2019/07/31,2944.40,2944.40,2926.49,2932.51,141052348,164607868928.00
2019/08/01,2920.85,2927.34,2901.75,2908.77,142389813,171115642880.00
2019/08/02,2861.33,2872.47,2851.44,2867.84,184888443,216327405568.00
2019/08/05,2854.58,2863.69,2821.50,2821.50,167419423,196891475968.00
2019/08/06,2776.99,2787.42,2733.92,2777.56,231123727,255209226240.00
2019/08/07,2789.02,2792.69,2768.68,2768.68,157716752,176475734016.00
2019/08/08,2784.18,2799.69,2782.24,2794.55,149539564,178156142592.00
2019/08/09,2805.59,2808.33,2770.48,2774.75,148240293,171140333568.00
2019/08/12,2781.98,2814.99,2776.62,2814.99,131563433,162523267072.00
2019/08/13,2798.05,2802.04,2790.61,2797.26,130916505,153957515264.00
2019/08/14,2824.49,2829.89,2807.72,2808.91,144014641,173944881152.00
2019/08/15,2762.34,2815.90,2756.83,2815.80,152772152,173670531072.00
2019/08/16,2817.57,2840.32,2811.80,2823.82,148582344,186139377664.00
2019/08/19,2835.52,2883.10,2829.85,2883.10,214546668,247092215808.00
2019/08/20,2879.08,2892.08,2875.00,2880.00,189677206,209774346240.00
2019/08/21,2875.47,2885.59,2872.56,2880.33,159019665,183187275776.00
2019/08/22,2887.66,2888.50,2867.55,2883.44,149206215,169662169088.00
2019/08/23,2885.15,2902.46,2878.74,2897.43,159156826,192567132160.00
2019/08/26,2851.02,2870.49,2849.24,2863.57,169895363,191036669952.00
2019/08/27,2879.52,2919.64,2879.41,2902.19,208141794,230999687168.00
2019/08/28,2901.63,2905.44,2887.01,2893.76,183097903,201805053952.00
2019/08/29,2896.00,2898.60,2878.59,2890.92,178613082,196332765184.00
2019/08/30,2907.38,2914.58,2874.10,2886.24,193959951,224751173632.00
2019/09/02,2886.94,2928.48,2883.68,2924.11,202786807,226043691008.00
2019/09/03,2925.94,2930.15,2915.20,2930.15,189001216,225070153728.00
2019/09/04,2927.75,2957.41,2925.88,2957.41,225495907,251212693504.00
2019/09/05,2972.66,3015.84,2972.66,2985.86,305438706,340200652800.00
2019/09/06,2996.62,2999.94,2981.60,2999.60,216826035,258318745600.00
2019/09/09,3023.78,3026.24,3005.69,3024.74,243377752,286236540928.00
2019/09/10,3027.41,3027.41,3005.38,3021.20,240012947,275321749504.00
2019/09/11,3029.93,3030.56,3004.22,3008.81,229837362,263389560832.00
2019/09/12,3016.63,3033.47,3005.19,3031.24,196968701,224576028672.00
2019/09/16,3041.92,3042.93,3020.05,3030.75,221878959,237442269184.00
2019/09/17,3023.71,3023.71,2970.57,2978.12,223338061,237738934272.00
2019/09/18,2984.08,2996.40,2982.40,2985.66,168046699,199953629184.00
2019/09/19,2992.92,2999.28,2975.40,2999.28,162690615,193206550528.00
2019/09/20,3004.81,3011.34,2996.19,3006.45,182145302,218390593536.00
2019/09/23,2998.40,2998.40,2960.83,2977.08,168139450,199130546176.00
2019/09/24,2979.48,3002.90,2973.76,2985.34,163902761,206245806080.00
2019/09/25,2977.67,2977.67,2955.43,2955.43,168543135,203782750208.00
2019/09/26,2964.48,2970.04,2928.26,2929.09,188932541,216277565440.00
2019/09/27,2929.49,2939.08,2920.93,2932.17,132905777,153311002624.00
2019/09/30,2927.92,2936.48,2905.19,2905.19,116646811,142591705088.00
2019/10/08,2905.76,2933.02,2905.76,2913.57,125535812,151980785664.00
2019/10/09,2902.08,2924.86,2891.54,2924.86,130424144,150940237824.00
2019/10/10,2923.71,2949.24,2918.23,2947.71,134239752,157159981056.00
2019/10/11,2954.82,2980.79,2943.01,2973.66,161203746,182747398144.00
2019/10/14,2993.96,3026.38,2989.81,3007.88,208614802,221201760256.00
2019/10/15,3005.66,3005.66,2986.30,2991.05,155376904,169531932672.00
2019/10/16,2992.61,3010.42,2975.92,2978.71,149885496,166791544832.00
2019/10/17,2979.99,2986.72,2969.57,2977.33,122527614,136051253248.00
2019/10/18,2982.34,2987.20,2933.24,2938.14,149990678,162018279424.00
2019/10/21,2933.90,2940.32,2917.69,2939.62,132475107,145685889024.00
2019/10/22,2945.60,2954.64,2934.39,2954.38,117482048,130381742080.00
2019/10/23,2952.97,2957.30,2934.63,2941.62,123812881,139653644288.00
2019/10/24,2944.01,2953.04,2927.06,2940.92,126540290,141667237888.00
2019/10/25,2940.47,2958.24,2920.52,2954.93,136860706,160224083968.00
2019/10/28,2958.69,2980.13,2956.96,2980.05,173731481,198817005568.00
2019/10/29,2979.04,2979.04,2954.18,2954.18,166110058,195288088576.00
2019/10/30,2949.46,2953.30,2934.83,2939.32,158798110,181529493504.00
2019/10/31,2944.84,2946.75,2923.52,2929.06,161571483,181801943040.00
2019/11/01,2924.34,2959.83,2917.15,2958.20,159907373,175630843904.00
2019/11/04,2964.58,2983.06,2964.58,2975.49,167248364,188710092800.00
2019/11/05,2977.70,3008.31,2968.03,2991.56,179891593,203691622400.00
2019/11/06,2992.04,2995.56,2969.72,2978.60,165263547,183985242112.00
2019/11/07,2978.15,2988.96,2969.12,2978.71,136952678,155834875904.00
2019/11/08,2993.98,2998.76,2962.84,2964.18,149742107,173867220992.00
2019/11/11,2949.96,2949.96,2906.77,2909.97,157916105,166285148160.00
2019/11/12,2913.00,2918.30,2891.51,2914.82,129729154,139060723712.00
2019/11/13,2913.02,2913.86,2893.97,2905.24,129765841,146943639552.00
2019/11/14,2907.74,2917.37,2899.62,2909.87,129145448,151576182784.00
2019/11/15,2911.35,2917.83,2891.20,2891.34,135519463,152576393216.00
2019/11/18,2889.55,2911.38,2884.09,2909.20,124433177,144677421056.00
2019/11/19,2904.28,2933.99,2902.86,2933.99,135417604,155770748928.00
2019/11/20,2928.11,2930.49,2907.42,2911.05,137357530,158543200256.00
2019/11/21,2902.55,2910.36,2891.53,2903.64,123458607,139851202560.00
2019/11/22,2906.24,2925.02,2873.99,2885.29,158623365,180593836032.00
2019/11/25,2885.61,2906.61,2880.65,2906.17,178587429,174234583040.00
2019/11/26,2912.52,2915.04,2897.93,2907.06,170004663,165496766464.00
2019/11/27,2905.40,2914.49,2893.42,2903.19,133862205,137449701376.00
2019/11/28,2902.36,2909.84,2883.43,2889.69,119522468,122616545280.00
2019/11/29,2885.97,2892.39,2858.58,2871.98,122612968,140371312640.00
2019/12/02,2874.45,2888.89,2870.24,2875.81,128755806,139351769088.00
2019/12/03,2869.88,2884.86,2857.32,2884.70,123778742,135278608384.00
2019/12/04,2876.91,2882.50,2869.42,2878.12,125543653,135879221248.00
2019/12/05,2886.52,2902.00,2885.08,2899.47,143163096,159736594432.00
2019/12/06,2902.28,2912.01,2894.75,2912.01,134128878,149507325952.00
2019/12/09,2914.46,2919.59,2905.25,2914.48,160796527,174546485248.00
2019/12/10,2908.94,2919.20,2902.79,2917.32,170123998,180617297920.00
2019/12/11,2922.60,2928.26,2915.00,2924.42,165541087,175716089856.00
2019/12/12,2926.34,2926.34,2913.48,2915.70,151760804,166044155904.00
2019/12/13,2937.78,2969.98,2935.85,2967.68,211978585,234036543488.00
2019/12/16,2970.97,2984.64,2958.71,2984.39,211862119,237666762752.00
2019/12/17,2985.26,3039.38,2982.50,3022.42,293032254,302090911744.00
2019/12/18,3021.47,3033.23,3011.72,3017.04,244089691,259173629952.00
2019/12/19,3017.15,3021.42,3007.99,3017.07,208624264,220688285696.00
2019/12/20,3019.64,3027.48,3002.26,3004.94,215075755,223305039872.00
2019/12/23,2999.04,3009.34,2960.44,2962.75,205716617,218484277248.00
2019/12/24,2965.83,2983.82,2960.68,2982.68,163030250,167366672384.00
2019/12/25,2980.43,2988.29,2970.66,2981.88,175654028,189608558592.00
2019/12/26,2981.25,3007.35,2980.40,3007.35,182440426,195586080768.00
2019/12/27,3006.85,3036.11,3003.63,3005.04,247102779,258118746112.00
2019/12/30,2998.17,3041.40,2983.34,3040.02,248066530,267382996992.00
2019/12/31,3036.39,3051.68,3030.51,3050.12,217429022,226763997184.00
2020/01/02,3066.34,3098.10,3066.34,3085.20,292470208,327197130752.00
2020/01/03,3089.02,3093.82,3074.52,3083.79,261496667,289991720960.00
2020/01/06,3070.91,3107.20,3065.31,3083.41,312575842,331182538752.00
2020/01/07,3085.49,3105.45,3084.33,3104.80,276583111,288159236096.00
2020/01/08,3094.24,3094.24,3059.13,3066.89,297872553,306517409792.00
2020/01/09,3082.64,3097.33,3080.13,3094.88,243435649,271716024320.00
2020/01/10,3102.29,3105.23,3081.40,3092.29,210442462,241555668992.00
2020/01/13,3091.49,3115.57,3075.38,3115.57,210621004,258524053504.00
2020/01/14,3120.67,3127.17,3105.61,3106.82,229973769,271542435840.00
2020/01/15,3103.17,3107.94,3082.04,3090.04,202313023,232913453056.00
2020/01/16,3095.73,3096.37,3070.88,3074.08,203375475,236843352064.00
2020/01/17,3081.46,3091.95,3067.25,3075.50,190304299,242273042432.00
2020/01/20,3082.11,3096.31,3070.48,3095.79,210493341,271122448384.00
2020/01/21,3085.79,3085.79,3051.23,3052.14,234830739,286268096512.00
2020/01/22,3038.49,3069.25,3006.27,3060.75,223852865,278456926208.00
2020/01/23,3037.95,3045.04,2955.35,2976.53,272763234,327490371584.00
2020/02/03,2716.70,2766.58,2716.70,2746.61,215912103,257019592704.00
2020/02/04,2685.27,2786.16,2685.27,2783.29,364046200,374068477952.00
2020/02/05,2792.37,2842.74,2778.86,2818.09,309761823,349184131072.00
2020/02/06,2826.89,2876.59,2807.61,2866.51,316392142,358582583296.00
2020/02/07,2858.93,2875.96,2838.77,2875.96,309479642,362384162816.00
2020/02/10,2860.50,2891.85,2851.05,2890.49,294929784,341520384000.00
2020/02/11,2894.54,2913.82,2882.24,2901.67,269168335,302956838912.00
2020/02/12,2895.56,2926.90,2892.42,2926.90,248733429,297534423040.00
2020/02/13,2927.14,2935.41,2901.24,2906.07,274804844,334526316544.00
2020/02/14,2899.87,2926.94,2899.57,2917.01,250650627,308080377856.00
2020/02/17,2924.99,2983.64,2924.99,2983.62,313198007,367014346752.00
2020/02/18,2981.41,2990.60,2960.78,2984.97,311665913,374998564864.00
2020/02/19,2979.52,2998.27,2971.82,2975.40,315141151,381331144704.00
2020/02/20,2981.88,3031.37,2968.45,3030.15,345732881,413761372160.00
2020/02/21,3022.25,3058.90,3020.14,3039.67,364557276,445062086656.00
2020/02/24,3027.89,3042.18,3007.36,3031.23,370430044,451601367040.00
2020/02/25,2982.07,3016.95,2943.72,3013.05,441622762,513128628224.00
2020/02/26,2978.42,3028.78,2974.94,2987.93,469049552,495341436928.00
2020/02/27,2992.49,3009.46,2980.48,2991.33,350523658,395955634176.00
2020/02/28,2924.64,2948.13,2878.54,2880.30,401216914,432657760256.00
2020/03/02,2899.31,2982.51,2899.31,2970.93,367333369,397244203008.00
2020/03/03,3006.89,3026.84,2976.62,2992.90,410108047,447053692928.00
2020/03/04,2981.81,3012.00,2974.36,3011.67,353338278,389893914624.00
2020/03/05,3036.15,3074.26,3022.93,3071.68,445425806,482770485248.00
2020/03/06,3039.94,3052.44,3029.46,3034.51,362061533,377388531712.00
2020/03/09,2987.18,2989.21,2940.71,2943.29,414560736,438143844352.00
2020/03/10,2918.93,3000.30,2904.80,2996.76,393296648,425017180160.00
2020/03/11,3001.76,3010.03,2968.52,2968.52,352470970,378766622720.00
2020/03/12,2936.02,2944.47,2906.28,2923.49,307778457,328209203200.00
2020/03/13,2804.23,2910.88,2799.98,2887.43,366450436,393019654144.00
2020/03/16,2897.30,2898.04,2784.66,2789.25,351878665,375626989568.00
2020/03/17,2796.28,2826.91,2715.22,2779.64,306149677,323012820992.00
2020/03/18,2792.32,2815.87,2728.76,2728.76,291159852,318611390464.00
2020/03/19,2719.41,2736.82,2646.80,2702.13,302302747,330518003712.00
2020/03/20,2727.02,2751.90,2702.49,2745.62,252019507,281583353856.00
2020/03/23,2677.59,2703.33,2656.50,2660.17,249820250,268423249920.00
2020/03/24,2703.02,2723.41,2667.13,2722.44,257021930,278999302144.00
2020/03/25,2775.30,2788.64,2757.80,2781.59,273144466,293191188480.00
2020/03/26,2761.90,2788.50,2753.43,2764.91,234084022,248279777280.00
2020/03/27,2792.98,2805.55,2771.76,2772.20,240764066,253630726144.00
2020/03/30,2739.72,2759.10,2723.05,2747.21,239706604,250687143936.00
2020/03/31,2767.31,2771.17,2743.12,2750.30,218598674,224271056896.00
2020/04/01,2743.54,2773.36,2731.08,2734.52,217253427,225624653824.00
2020/04/02,2720.23,2780.64,2719.90,2780.64,217864600,233111568384.00
2020/04/03,2773.58,2780.59,2754.07,2763.99,200837404,214062219264.00
2020/04/07,2806.97,2823.28,2801.84,2820.76,270198186,286627790848.00
2020/04/08,2805.92,2823.21,2800.30,2815.37,243515305,253159669760.00
2020/04/09,2825.84,2832.40,2820.43,2825.90,238184843,247392993280.00
2020/04/10,2827.19,2833.02,2789.98,2796.63,233454768,246376300544.00
2020/04/13,2784.60,2792.89,2774.08,2783.05,177124554,184120279040.00
2020/04/14,2794.80,2827.30,2789.43,2827.28,202696569,223605702656.00
2020/04/15,2826.66,2829.75,2808.70,2811.17,205621146,231631634432.00
2020/04/16,2798.43,2823.34,2796.84,2819.94,203003773,222432608256.00
2020/04/17,2835.56,2854.96,2830.02,2838.49,245736750,280025235456.00
2020/04/20,2840.41,2852.99,2833.26,2852.55,211847078,233759309824.00
2020/04/21,2842.24,2842.24,2808.02,2827.01,233235870,248688590848.00
2020/04/22,2814.07,2843.98,2808.48,2843.98,217320000,232796782592.00
2020/04/23,2850.51,2853.64,2835.90,2838.50,248779037,262662045696.00
2020/04/24,2834.94,2834.94,2802.50,2808.53,235185076,244122288128.00
2020/04/27,2812.24,2832.67,2802.96,2815.49,210130981,225293713408.00
2020/04/28,2819.99,2821.75,2758.25,2810.02,253872745,270534754304.00
2020/04/29,2801.38,2831.76,2800.74,2822.44,202061807,222720229376.00
2020/04/30,2832.38,2865.59,2832.38,2860.08,242455278,277440921600.00
2020/05/06,2831.63,2879.26,2830.65,2878.14,249826616,303890038784.00
2020/05/07,2876.47,2882.02,2864.58,2871.52,226736957,268607488000.00
2020/05/08,2882.71,2903.80,2879.20,2895.34,226822075,276562706432.00
2020/05/11,2901.57,2914.28,2884.38,2894.80,225120410,271930638336.00
2020/05/12,2894.62,2897.90,2871.23,2891.56,197082985,238476214272.00
2020/05/13,2882.96,2900.26,2875.54,2898.05,185061310,223866912768.00
2020/05/14,2887.06,2887.06,2869.18,2870.34,197776202,237336969216.00
2020/05/15,2880.71,2884.22,2863.37,2868.46,188983592,246878191616.00
2020/05/18,2872.52,2889.98,2862.27,2875.42,226022882,289089585152.00
2020/05/19,2897.69,2900.22,2887.58,2898.58,197222405,256277807104.00
2020/05/20,2896.47,2896.47,2876.18,2883.74,210519985,269176553472.00
2020/05/21,2890.72,2891.52,2864.21,2867.92,203532038,250569932800.00
2020/05/22,2863.05,2863.05,2808.02,2813.77,209063712,245229600768.00
2020/05/25,2816.24,2821.50,2802.47,2817.97,172885557,202115350528.00
2020/05/26,2827.90,2848.34,2825.90,2846.55,174562369,207427829760.00
2020/05/27,2847.32,2849.00,2831.93,2836.80,198149343,227934388224.00
2020/05/28,2838.21,2861.92,2820.15,2846.22,207546019,239234252800.00
2020/05/29,2835.58,2855.38,2829.63,2852.35,206792804,233798991872.00
2020/06/01,2871.96,2917.15,2871.96,2915.43,260196050,307416203264.00
2020/06/02,2916.32,2926.36,2909.13,2921.40,256108049,294402752512.00
2020/06/03,2930.39,2942.76,2922.66,2923.37,255663980,300447825920.00
2020/06/04,2931.84,2932.97,2910.75,2919.25,226605873,254345986048.00
2020/06/05,2923.19,2930.80,2909.12,2930.80,217360673,253141139456.00
2020/06/08,2941.98,2950.07,2934.21,2937.77,231124360,274611814400.00
2020/06/09,2939.54,2957.12,2932.94,2956.11,209048585,251414691840.00
2020/06/10,2951.28,2951.33,2934.84,2943.75,207925969,243968491520.00
2020/06/11,2939.79,2952.65,2912.19,2920.90,233722947,289023262720.00
2020/06/12,2876.80,2930.26,2872.62,2919.74,236008642,274321719296.00
2020/06/15,2908.28,2922.54,2890.03,2890.03,243205046,293361549312.00
2020/06/16,2912.83,2931.78,2909.13,2931.75,223313065,270948564992.00
2020/06/17,2932.67,2936.62,2919.04,2935.87,234654391,278007119872.00
2020/06/18,2929.88,2942.90,2920.11,2939.32,258691377,289367719936.00
2020/06/19,2938.79,2973.32,2935.82,2967.63,264313961,319089115136.00
2020/06/22,2966.90,2983.44,2959.04,2965.27,267883834,346028736512.00
2020/06/23,2960.89,2972.40,2949.85,2970.62,225212208,305378754560.00
2020/06/24,2972.98,2982.94,2971.22,2979.55,213200732,297008791552.00
2020/06/29,2973.08,2977.91,2951.77,2961.52,220622729,293886001152.00
2020/06/30,2965.11,2990.83,2965.11,2984.67,214957214,297312321536.00
2020/07/01,2991.18,3026.19,2984.98,3025.98,273313140,369883807744.00
2020/07/02,3023.72,3092.44,3021.67,3090.57,391127996,478216486912.00
2020/07/03,3104.00,3152.81,3104.00,3152.81,458793851,535489347584.00
2020/07/06,3187.84,3337.27,3187.84,3332.88,643878906,724153663488.00
2020/07/07,3380.95,3407.08,3336.24,3345.34,657840159,793638404096.00
2020/07/08,3337.55,3421.53,3327.71,3403.44,587081685,696807653376.00
2020/07/09,3403.48,3456.97,3393.64,3450.59,620001823,751406809088.00
2020/07/10,3418.93,3433.11,3372.51,3383.32,556120011,703197544448.00
2020/07/13,3379.39,3458.79,3369.04,3443.29,558006875,717397032960.00
2020/07/14,3435.02,3451.22,3366.08,3414.62,543211492,707327033344.00
2020/07/15,3422.08,3432.45,3345.75,3361.30,492030542,674727395328.00
2020/07/16,3356.36,3373.53,3209.73,3210.10,490613123,679468335104.00
2020/07/17,3214.40,3252.78,3181.27,3214.13,359652413,486536118272.00
2020/07/20,3243.91,3314.15,3220.68,3314.15,418555306,544045662208.00
2020/07/21,3330.55,3336.68,3300.57,3320.89,359252029,488862187520.00
2020/07/22,3315.18,3381.98,3311.79,3333.16,393335335,540577038336.00
2020/07/23,3306.15,3336.30,3257.83,3325.11,407042499,546887073792.00
2020/07/24,3310.65,3319.13,3184.96,3196.77,427054026,584311832576.00
2020/07/27,3210.39,3221.98,3174.66,3205.23,299319021,402231918592.00
2020/07/28,3226.13,3245.30,3208.49,3227.96,289377861,389873696768.00
2020/07/29,3221.99,3294.55,3209.99,3294.55,324924062,453094408192.00
2020/07/30,3299.57,3312.45,3282.16,3286.82,340704121,476973989888.00
2020/07/31,3280.80,3333.79,3261.61,3310.01,353758979,495778037760.00
2020/08/03,3332.18,3368.10,3327.68,3367.97,407460867,572430745600.00
2020/08/04,3376.44,3391.07,3352.50,3371.69,442328551,604942172160.00
2020/08/05,3363.33,3383.64,3333.88,3377.56,385823027,526515044352.00
2020/08/06,3380.76,3392.70,3334.33,3386.46,415302510,570488258560.00
2020/08/07,3370.59,3374.13,3307.71,3354.04,403929633,561435639808.00
2020/08/10,3341.53,3399.93,3335.04,3379.25,381379630,527083929600.00
2020/08/11,3379.49,3409.06,3336.09,3340.29,400452706,514020769792.00
2020/08/12,3327.49,3335.73,3263.27,3319.27,378328959,480731234304.00
2020/08/13,3328.18,3338.15,3309.46,3320.73,324291278,387162275840.00
2020/08/14,3315.67,3362.03,3302.74,3360.10,305998376,367467429888.00
2020/08/17,3373.90,3450.90,3369.37,3438.80,434598260,537425084416.00
2020/08/18,3441.93,3456.72,3432.64,3451.09,380729275,493052166144.00
2020/08/19,3444.56,3454.46,3406.16,3408.13,405722214,498262147072.00
2020/08/20,3385.96,3394.56,3352.78,3363.90,335600982,401815535616.00
2020/08/21,3380.23,3393.92,3358.00,3380.68,287488340,361281748992.00
2020/08/24,3391.11,3396.57,3368.03,3385.64,266227841,345683394560.00
2020/08/25,3392.88,3408.87,3364.16,3373.58,277113421,355997777920.00
2020/08/26,3371.81,3382.60,3320.14,3329.74,294451036,381928898560.00
2020/08/27,3333.49,3351.83,3312.99,3350.11,237099353,317153378304.00
2020/08/28,3346.29,3405.88,3339.65,3403.81,271325549,379367030784.00
2020/08/31,3416.55,3442.74,3395.47,3395.68,323473890,436930117632.00
2020/09/01,3389.74,3410.61,3381.71,3410.61,246999249,326850969600.00
2020/09/02,3420.47,3421.40,3377.21,3404.80,261546319,345638993920.00
2020/09/03,3404.03,3425.63,3374.26,3384.98,255346279,350706565120.00
2020/09/04,3336.41,3360.11,3328.55,3355.37,221636550,308179664896.00
2020/09/07,3349.92,3368.24,3285.63,3292.59,260616567,357726453760.00
2020/09/08,3301.22,3324.39,3276.44,3316.42,271066278,320229900288.00
2020/09/09,3281.00,3289.61,3238.56,3254.63,351509747,341054521344.00
2020/09/10,3282.23,3285.47,3227.64,3234.82,312472804,309676736512.00
2020/09/11,3225.78,3262.50,3220.54,3260.35,221698830,254844993536.00
2020/09/14,3275.92,3283.53,3261.15,3278.81,213924137,269219921920.00
2020/09/15,3277.13,3297.69,3263.75,3295.68,197684400,251763867648.00
2020/09/16,3293.17,3302.46,3271.08,3283.92,200443364,242270896128.00
2020/09/17,3277.32,3290.41,3248.50,3270.44,202931972,279311056896.00
2020/09/18,3270.91,3338.32,3268.53,3338.09,256260788,337025892352.00
2020/09/21,3348.90,3350.59,3313.07,3316.94,216503093,287691309056.00
2020/09/22,3290.67,3320.23,3265.70,3274.30,214015065,269113294848.00
2020/09/23,3278.84,3289.76,3264.89,3279.71,169178068,240742432768.00
2020/09/24,3262.88,3265.35,3221.24,3223.18,206736011,258259927040.00
2020/09/25,3234.37,3239.47,3208.04,3219.42,164822419,220674473984.00
2020/09/28,3224.98,3238.18,3210.89,3217.53,155982783,209672388608.00
2020/09/29,3231.86,3242.79,3219.79,3224.36,151349870,207307816960.00
2020/09/30,3232.71,3244.91,3202.34,3218.05,153504457,205762854912.00
2020/10/09,3262.61,3280.51,3260.19,3272.08,188325648,264171044864.00
2020/10/12,3287.33,3359.15,3286.11,3358.47,259622408,355700113408.00
2020/10/13,3353.12,3361.83,3334.50,3359.75,204926103,288505823232.00
2020/10/14,3353.62,3353.62,3332.96,3340.78,198659382,281159991296.00
2020/10/15,3342.92,3354.58,3330.00,3332.18,191031282,263848673280.00
2020/10/16,3334.46,3348.95,3319.11,3336.36,194295421,253448028160.00