399006 创业板指 日线 后复权
      日期	    开盘	    最高	    最低	    收盘	    成交量	    成交额
2015/01/05,1470.58,1470.58,1429.08,1464.77,17918525,34433384448.00
2015/01/06,1458.57,1542.15,1454.14,1539.83,23463899,47275896832.00
2015/01/07,1542.40,1547.25,1517.37,1523.39,18445958,37899403264.00
2015/01/08,1516.83,1565.77,1516.83,1541.89,18696816,39204143104.00
2015/01/09,1535.33,1583.75,1534.61,1553.24,18988280,40919941120.00
2015/01/12,1552.05,1587.18,1550.62,1586.12,16188545,35995709440.00
2015/01/13,1587.69,1611.13,1578.40,1601.17,17954629,40398041088.00
2015/01/14,1598.72,1605.16,1579.55,1588.01,15881401,34749378560.00
2015/01/15,1584.68,1606.56,1578.22,1586.34,14727005,32266868736.00
2015/01/16,1586.71,1641.53,1586.64,1639.56,18420218,41371320320.00
2015/01/19,1608.25,1691.14,1599.66,1630.06,26167227,58451247104.00
2015/01/20,1635.57,1700.94,1635.57,1700.85,26255330,57614442496.00
2015/01/21,1704.10,1729.84,1701.87,1722.58,29807348,65253965824.00
2015/01/22,1723.24,1744.08,1716.39,1744.04,25850791,57605296128.00
2015/01/23,1742.09,1742.09,1693.52,1697.29,23622923,53181378560.00
2015/01/26,1698.99,1740.37,1698.99,1739.79,20324148,45847670784.00
2015/01/27,1742.47,1754.21,1715.53,1743.68,22208742,50015432704.00
2015/01/28,1741.07,1759.00,1727.92,1731.41,22204674,49983389696.00
2015/01/29,1717.40,1733.63,1709.36,1711.37,17053769,37907546112.00
2015/01/30,1712.85,1721.14,1679.69,1680.58,17600389,38058115072.00
2015/02/02,1667.12,1708.71,1660.05,1696.83,16017327,37366624256.00
2015/02/03,1703.93,1762.73,1703.93,1750.91,22107002,54048165888.00
2015/02/04,1753.77,1770.20,1743.02,1757.74,21675339,51146969088.00
2015/02/05,1757.23,1809.72,1741.96,1774.31,27268284,66054606848.00
2015/02/06,1772.35,1783.62,1725.64,1730.97,22554474,55238836224.00
2015/02/09,1727.22,1753.50,1702.56,1708.85,17274077,41558933504.00
2015/02/10,1707.26,1747.86,1700.88,1747.68,14723102,36367364096.00
2015/02/11,1748.23,1783.24,1748.23,1772.85,17429105,45064384512.00
2015/02/12,1777.22,1799.46,1776.35,1788.81,18833003,48114233344.00
2015/02/13,1798.54,1828.24,1796.41,1825.49,23434641,59694768128.00
2015/02/16,1836.71,1897.66,1836.71,1896.63,25701182,66160893952.00
2015/02/17,1908.18,1909.91,1873.17,1894.31,20837925,54925651968.00
2015/02/25,1899.39,1909.65,1872.10,1876.75,22085809,56275333120.00
2015/02/26,1875.33,1891.78,1847.73,1880.39,22057948,54480478208.00
2015/02/27,1880.63,1928.04,1880.63,1928.04,25087030,63018668032.00
2015/03/02,1944.11,1987.80,1940.32,1986.99,32869531,85074780160.00
2015/03/03,1987.33,2004.03,1961.01,1961.74,33661208,85460164608.00
2015/03/04,1960.54,2011.08,1960.54,2009.83,29329329,75183980544.00
2015/03/05,2015.70,2032.22,1997.46,2014.79,30333941,80855138304.00
2015/03/06,2016.81,2018.18,1949.29,1951.40,27454184,70917914624.00
2015/03/09,1941.42,1996.90,1932.82,1994.39,23708890,63647719424.00
2015/03/10,2001.19,2048.30,2001.19,2045.32,26879783,72778653696.00
2015/03/11,2050.76,2054.77,2022.32,2035.83,27548628,75002273792.00
2015/03/12,2034.62,2054.39,1984.91,2018.13,27515747,73241354240.00
2015/03/13,2020.66,2070.95,2011.17,2069.07,25475091,67976888320.00
2015/03/16,2088.20,2144.78,2088.20,2142.67,34782782,96233218048.00
2015/03/17,2149.37,2164.49,2117.78,2137.46,37031744,101002174464.00
2015/03/18,2138.37,2186.02,2124.98,2182.92,37750039,97714544640.00
2015/03/19,2184.76,2192.55,2160.99,2183.88,34983557,91582242816.00
2015/03/20,2187.47,2232.08,2187.01,2213.77,35792059,99762601984.00
2015/03/23,2225.85,2293.92,2221.71,2293.65,39047313,112421412864.00
2015/03/24,2310.51,2363.06,2253.20,2357.97,48344706,145633673216.00
2015/03/25,2364.94,2405.56,2344.11,2385.01,42627895,130670174208.00
2015/03/26,2362.45,2370.30,2270.79,2291.79,43457615,132777164800.00
2015/03/27,2274.68,2326.42,2267.87,2323.82,31041901,92140838912.00
2015/03/30,2319.31,2332.60,2266.85,2290.48,33193596,96755793920.00
2015/03/31,2294.32,2358.21,2288.31,2335.17,34588776,101099175936.00
2015/04/01,2347.00,2407.49,2345.75,2404.91,34211588,102125166592.00
2015/04/02,2434.76,2475.33,2420.19,2475.33,39817436,122291331072.00
2015/04/03,2469.85,2515.58,2460.94,2510.16,39200268,125450190848.00
2015/04/07,2530.07,2557.87,2522.26,2556.70,39071937,129140310016.00
2015/04/08,2566.94,2568.09,2442.82,2488.16,43774348,141805682688.00
2015/04/09,2481.69,2501.30,2346.89,2496.49,40257707,129849622528.00
2015/04/10,2475.55,2567.68,2457.82,2552.83,35139350,116996292608.00
2015/04/13,2558.19,2596.92,2545.26,2577.78,38288466,129764769792.00
2015/04/14,2584.59,2593.70,2539.94,2558.85,36477492,125662101504.00
2015/04/15,2548.99,2548.99,2441.74,2441.74,36021333,117231788032.00
2015/04/16,2420.93,2532.31,2407.85,2484.33,30450606,99346317312.00
2015/04/17,2507.47,2511.98,2453.28,2463.99,33251374,104600199168.00
2015/04/20,2462.41,2493.20,2411.34,2424.85,34510159,102163398656.00
2015/04/21,2443.12,2566.09,2443.12,2566.09,32057303,100331700224.00
2015/04/22,2610.74,2655.37,2610.74,2634.93,37301989,118747168768.00
2015/04/23,2656.18,2718.26,2656.18,2706.19,38248610,125327450112.00
2015/04/24,2689.91,2747.62,2672.20,2734.75,36429963,123181785088.00
2015/04/27,2781.60,2806.76,2737.15,2747.50,34684443,118941270016.00
2015/04/28,2764.41,2779.20,2650.43,2687.97,34410030,110611693568.00
2015/04/29,2693.48,2798.52,2674.76,2797.52,29865932,106317193216.00
2015/04/30,2825.16,2918.75,2825.16,2857.89,34285827,119879106560.00
2015/05/04,2868.10,2884.44,2803.82,2845.25,29104458,102443892736.00
2015/05/05,2830.79,2845.71,2753.87,2783.44,30083796,100796743680.00
2015/05/06,2806.30,2927.03,2806.30,2846.56,34768114,125809033216.00
2015/05/07,2824.82,2879.68,2801.47,2806.05,30603594,108524773376.00
2015/05/08,2838.97,2974.37,2838.97,2973.60,38363323,134263480320.00
2015/05/11,3015.43,3150.49,2991.33,3146.83,48013491,170680975360.00
2015/05/12,3176.54,3254.99,3133.96,3250.30,51249205,185001017344.00
2015/05/13,3185.34,3271.18,3123.92,3192.15,46156896,171825758208.00
2015/05/14,3174.45,3228.03,3137.28,3141.59,44148589,161797931008.00
2015/05/15,3109.12,3176.12,3059.86,3145.34,40803046,144247455744.00
2015/05/18,3178.37,3286.41,3178.37,3278.48,42156099,155269169152.00
2015/05/19,3310.09,3340.42,3206.78,3322.77,44285353,169730555904.00
2015/05/20,3339.17,3471.95,3339.17,3406.28,46165534,176706289664.00
2015/05/21,3421.61,3531.84,3421.45,3527.41,44954142,178876416000.00
2015/05/22,3594.59,3618.24,3438.57,3516.63,57570183,221047881728.00
2015/05/25,3415.67,3499.54,3370.84,3467.92,45619500,175439495168.00
2015/05/26,3471.80,3619.49,3471.80,3618.23,45465316,180747780096.00
2015/05/27,3638.21,3662.98,3546.58,3628.67,49660295,198252412928.00
2015/05/28,3618.34,3677.33,3432.98,3432.98,54111024,220540993536.00
2015/05/29,3444.06,3595.17,3328.46,3542.84,49995030,212901642240.00
2015/06/01,3580.08,3722.87,3580.08,3718.75,43302740,188538273792.00
2015/06/02,3757.10,3912.48,3756.09,3901.54,50081951,213001699328.00
2015/06/03,3949.28,4011.04,3838.22,3982.25,49970440,220939010048.00
2015/06/04,3991.80,4015.20,3695.83,3943.47,47259474,207038840832.00
2015/06/05,3994.44,4037.96,3841.42,3885.83,46810857,199116554240.00
2015/06/08,3862.80,3862.80,3643.04,3704.55,44704762,180590395392.00
2015/06/09,3664.37,3793.37,3633.72,3705.54,38942848,157346873344.00
2015/06/10,3695.06,3876.85,3676.76,3834.70,43364844,169019031552.00
2015/06/11,3843.98,3884.37,3815.06,3862.14,44129786,167538425856.00
2015/06/12,3889.16,3922.70,3850.59,3899.71,44912715,182173466624.00
2015/06/15,3919.36,3919.36,3688.89,3696.03,47406719,184816631808.00
2015/06/16,3636.79,3669.82,3475.35,3590.67,43314292,169391751168.00
2015/06/17,3586.37,3754.37,3511.11,3741.36,39791390,156131278848.00
2015/06/18,3734.91,3752.18,3497.73,3504.55,38221169,150724362240.00
2015/06/19,3408.53,3476.03,3304.65,3314.98,36852903,136356405248.00
2015/06/23,3314.89,3397.27,3154.60,3393.94,38158329,137315172352.00
2015/06/24,3425.57,3459.46,3304.67,3383.40,37628646,140110987264.00
2015/06/25,3403.63,3408.23,3172.37,3206.38,36857094,133833605120.00
2015/06/26,3078.40,3078.40,2915.94,2920.70,35432058,117324251136.00
2015/06/29,2943.50,2950.13,2663.44,2689.76,38531844,116379992064.00
2015/06/30,2566.02,2875.09,2485.46,2858.61,54686573,161327955968.00
2015/07/01,2842.17,3008.19,2743.61,2759.41,52601142,170035347456.00
2015/07/02,2756.25,2825.15,2591.05,2649.32,45280319,129754341376.00
2015/07/03,2559.03,2788.76,2458.29,2605.28,47079751,128325885952.00
2015/07/06,2795.67,2795.67,2417.56,2493.83,51605867,138021306368.00
2015/07/07,2398.10,2415.68,2350.97,2352.01,18897955,44729708544.00
2015/07/08,2304.76,2364.08,2304.76,2364.05,44477613,92954722304.00
2015/07/09,2338.11,2435.76,2338.11,2435.76,22948808,58334175232.00
2015/07/10,2487.39,2535.89,2478.87,2535.89,13426826,45642735616.00
2015/07/13,2612.77,2683.07,2592.20,2683.07,25235637,85667790848.00
2015/07/14,2725.04,2827.55,2715.98,2726.05,40597844,121521889280.00
2015/07/15,2750.66,2750.66,2583.46,2590.03,50649970,135461011456.00
2015/07/16,2526.65,2698.16,2439.24,2627.08,52481076,131877273600.00
2015/07/17,2651.44,2805.80,2646.50,2783.32,46866249,129074298880.00
2015/07/20,2820.72,2907.15,2777.91,2848.30,57264696,169239478272.00
2015/07/21,2802.02,2917.41,2779.53,2882.90,48846235,148535508992.00
2015/07/22,2882.06,2932.06,2828.45,2897.37,51433159,153295716352.00
2015/07/23,2896.25,2969.35,2864.43,2967.95,53211861,158102585344.00
2015/07/24,2976.94,3014.18,2879.26,2897.82,58741277,185896828928.00
2015/07/27,2822.37,2924.08,2683.05,2683.45,55582923,169828073472.00
2015/07/28,2546.41,2705.18,2492.19,2581.96,58035381,154735345664.00
2015/07/29,2617.94,2693.99,2483.92,2693.87,52023480,144345858048.00
2015/07/30,2671.46,2707.76,2556.09,2561.19,48185189,138077487104.00
2015/07/31,2507.26,2605.34,2499.25,2539.84,38567344,108512133120.00
2015/08/03,2475.33,2494.80,2371.48,2399.27,39835425,104532262912.00
2015/08/04,2396.41,2546.16,2380.28,2546.16,42143742,111226224640.00
2015/08/05,2542.27,2584.19,2480.45,2502.04,46817454,123946147840.00
2015/08/06,2441.96,2517.99,2430.53,2480.93,33923606,87783530496.00
2015/08/07,2509.96,2586.53,2505.27,2576.99,42575831,119864483840.00
2015/08/10,2606.74,2726.90,2593.41,2706.72,47852695,140830064640.00
2015/08/11,2705.04,2747.83,2675.15,2698.91,48057873,145506074624.00
2015/08/12,2658.84,2700.40,2622.19,2622.19,38304000,115133800448.00
2015/08/13,2608.74,2684.26,2578.91,2684.26,37616566,108745867264.00
2015/08/14,2713.78,2725.47,2664.42,2674.02,40688352,118322225152.00
2015/08/17,2665.37,2676.72,2613.78,2666.29,36547442,103165435904.00
2015/08/18,2674.42,2720.58,2488.61,2504.17,49129699,137144016896.00
2015/08/19,2427.94,2584.36,2359.17,2570.69,43737323,115189719040.00
2015/08/20,2556.77,2610.90,2508.35,2508.82,39721275,109633445888.00
2015/08/21,2452.62,2480.68,2340.92,2341.95,35141461,90647912448.00
2015/08/24,2222.54,2246.55,2152.61,2152.61,23049576,53003300864.00
2015/08/25,1996.04,2048.03,1987.12,1990.71,27176061,59139764224.00
2015/08/26,1975.92,2044.66,1875.03,1890.04,46445009,96904675328.00
2015/08/27,1924.78,1959.98,1843.19,1959.49,40510061,83891937280.00
2015/08/28,1990.35,2086.87,1960.39,2082.12,45280232,97909972992.00
2015/08/31,2056.29,2058.85,1987.58,1996.87,35634528,77209616384.00
2015/09/01,1959.46,1959.46,1877.36,1889.49,31889888,63735701504.00
2015/09/02,1787.71,1953.91,1779.18,1855.03,38372944,73660375040.00
2015/09/07,1882.86,1953.40,1878.26,1893.52,37806241,73524551680.00
2015/09/08,1875.67,2004.81,1859.21,2001.16,36849649,71807631360.00
2015/09/09,2023.31,2102.23,2017.10,2071.72,50760168,108850503680.00
2015/09/10,2030.03,2078.42,2024.89,2039.12,35482570,74837950464.00
2015/09/11,2039.01,2084.05,2029.81,2060.50,32555430,68596064256.00
2015/09/14,2068.20,2075.67,1905.20,1906.21,34890885,68215353344.00
2015/09/15,1843.23,1892.81,1794.29,1797.56,33039214,59455922176.00
2015/09/16,1813.73,1928.78,1808.75,1926.25,39024402,71222157312.00
2015/09/17,1943.29,2020.55,1922.80,1933.30,47985104,95394168832.00
2015/09/18,1948.12,1995.50,1922.14,1983.30,37674215,74822942720.00
2015/09/21,1950.33,2080.22,1945.35,2079.06,43477603,90425024512.00
2015/09/22,2082.34,2108.56,2042.13,2078.72,47584444,101473476608.00
2015/09/23,2039.49,2103.22,2036.06,2077.99,41306381,89360801792.00
2015/09/24,2090.56,2130.47,2084.31,2106.59,43139456,94766923776.00
2015/09/25,2091.86,2106.95,2002.45,2020.97,41100874,85890293760.00
2015/09/28,2024.89,2124.06,2007.92,2122.26,37858681,79921192960.00
2015/09/29,2089.54,2135.51,2075.97,2098.57,38424618,84097646592.00
2015/09/30,2111.99,2124.29,2049.43,2082.67,29708449,64153165824.00
2015/10/08,2153.12,2210.04,2138.54,2190.31,42031221,90206142464.00
2015/10/09,2190.84,2230.03,2184.55,2216.66,42927691,92205228032.00
2015/10/12,2233.61,2344.21,2232.27,2316.78,55775629,126441930752.00
2015/10/13,2297.93,2351.52,2290.64,2342.04,50249441,115045253120.00
2015/10/14,2330.08,2350.59,2295.60,2305.00,52435987,118325395456.00
2015/10/15,2300.62,2406.21,2296.80,2404.53,56549121,129799847936.00
2015/10/16,2424.62,2452.94,2401.09,2449.03,61932153,147293667328.00
2015/10/19,2465.11,2466.48,2398.34,2433.60,57914034,137927753728.00
2015/10/20,2430.18,2520.08,2427.78,2511.16,58460596,140692226048.00
2015/10/21,2504.78,2527.77,2335.66,2344.74,72233598,174856929280.00
2015/10/22,2355.16,2465.10,2355.16,2458.14,59640206,146753814528.00
2015/10/23,2488.31,2549.76,2461.49,2538.38,67588134,171353915392.00
2015/10/26,2570.13,2570.13,2481.59,2527.48,68447318,173929889792.00
2015/10/27,2497.16,2586.95,2423.60,2563.96,62288146,157457154048.00
2015/10/28,2551.70,2583.82,2473.47,2485.24,57717000,150886236160.00
2015/10/29,2504.85,2528.70,2436.78,2485.28,44057659,114641960960.00
2015/10/30,2475.23,2534.47,2439.16,2478.28,50077025,129735417856.00
2015/11/02,2416.10,2513.32,2408.78,2432.04,46816872,123247304704.00
2015/11/03,2444.05,2461.33,2407.55,2429.27,39935035,106823999488.00
2015/11/04,2451.23,2584.32,2451.23,2584.32,58452418,152635211776.00
2015/11/05,2587.82,2630.83,2542.85,2564.72,65112053,172894076928.00
2015/11/06,2571.66,2666.40,2571.66,2661.41,61741798,164006821888.00
2015/11/09,2653.31,2747.79,2612.26,2724.62,68677814,191238848512.00
2015/11/10,2710.90,2783.12,2700.29,2746.61,65216341,180185415680.00
2015/11/11,2738.58,2806.54,2730.52,2804.68,70870882,190166433792.00
2015/11/12,2818.57,2827.71,2743.26,2783.30,74163984,210165465088.00
2015/11/13,2751.39,2772.82,2681.61,2710.16,65461350,181274689536.00
2015/11/16,2656.57,2797.16,2654.64,2797.16,55154366,147033964544.00
2015/11/17,2834.98,2847.90,2711.58,2717.05,73555490,199687995392.00
2015/11/18,2727.61,2741.33,2655.06,2661.17,51626129,140451151872.00
2015/11/19,2678.36,2770.75,2676.76,2770.75,54825140,148732739584.00
2015/11/20,2783.04,2817.96,2757.84,2800.15,69030482,183901437952.00
2015/11/23,2797.12,2839.84,2759.31,2770.58,67520733,178263474176.00
2015/11/24,2767.72,2816.05,2739.52,2816.05,52702493,150152871936.00
2015/11/25,2813.51,2906.80,2806.82,2897.57,66418481,193136230400.00
2015/11/26,2911.85,2915.95,2831.38,2833.20,63202930,187302346752.00
2015/11/27,2819.36,2844.05,2629.13,2649.55,64579688,183247175680.00
2015/11/30,2658.97,2687.05,2507.38,2672.58,60052415,167359250432.00
2015/12/01,2669.30,2700.35,2621.17,2655.35,49682994,144658628608.00
2015/12/02,2653.24,2660.12,2525.34,2613.26,43453059,119641399296.00
2015/12/03,2622.49,2710.81,2622.49,2708.12,43270233,125313417216.00
2015/12/04,2702.56,2749.18,2679.35,2692.16,48329082,141740687360.00
2015/12/07,2699.34,2751.24,2687.02,2738.15,47454318,130145550336.00
2015/12/08,2723.62,2731.72,2678.66,2691.66,51536895,142198587392.00
2015/12/09,2677.59,2699.64,2650.45,2667.91,45218188,127953633280.00
2015/12/10,2665.28,2729.24,2663.37,2695.51,44264087,126883823616.00
2015/12/11,2686.31,2701.69,2666.89,2671.29,37125527,106300661760.00
2015/12/14,2642.82,2709.27,2622.47,2709.27,36203573,102182617088.00
2015/12/15,2718.25,2764.80,2718.25,2745.70,38759386,110853029888.00
2015/12/16,2760.26,2789.28,2749.79,2763.11,41793161,120658198528.00
2015/12/17,2784.97,2835.70,2784.97,2835.70,55219140,158786043904.00
2015/12/18,2836.92,2850.69,2801.64,2830.26,51447381,150100541440.00
2015/12/21,2825.31,2836.61,2800.35,2829.92,42648419,122337058816.00
2015/12/22,2836.96,2849.36,2811.61,2839.85,41580714,114451144704.00
2015/12/23,2845.43,2848.83,2779.93,2783.94,46679619,133253079040.00
2015/12/24,2775.98,2801.56,2735.97,2795.78,37179051,107701985280.00
2015/12/25,2807.51,2820.53,2777.46,2794.73,35511227,105453674496.00
2015/12/28,2809.52,2823.75,2735.49,2735.49,45076570,128112943104.00
2015/12/29,2732.55,2749.82,2710.20,2749.82,35829363,101371658240.00
2015/12/30,2758.25,2781.84,2749.29,2779.51,40757691,114950168576.00
2015/12/31,2780.54,2785.66,2713.69,2714.05,39561308,111887785984.00
2016/01/04,2706.28,2710.30,2490.47,2491.24,33478923,88306573312.00
2016/01/05,2353.23,2481.20,2333.61,2416.73,49010301,122570514432.00
2016/01/06,2433.36,2472.19,2388.69,2468.37,39804046,104803934208.00
2016/01/07,2415.33,2415.33,2254.50,2256.52,10666577,26100854784.00
2016/01/08,2297.59,2318.12,2142.33,2248.99,44776461,108801032192.00
2016/01/11,2188.19,2230.42,2105.77,2106.36,39231227,92052717568.00
2016/01/12,2117.25,2179.09,2087.27,2147.53,37443203,87467515904.00
2016/01/13,2160.32,2174.23,2059.78,2059.78,34346863,80888184832.00
2016/01/14,1991.23,2179.38,1989.87,2175.01,40865370,91805425664.00
2016/01/15,2160.17,2184.56,2096.19,2112.90,41445822,94756167680.00
2016/01/18,2074.86,2206.84,2074.86,2174.93,39874752,91208597504.00
2016/01/19,2170.10,2244.78,2148.72,2241.70,45197927,104522940416.00
2016/01/20,2222.60,2249.36,2190.51,2204.65,41821529,98105860096.00
2016/01/21,2173.32,2241.47,2112.40,2112.40,41166482,96569769984.00
2016/01/22,2140.28,2161.24,2078.12,2149.59,35037326,79385665536.00
2016/01/25,2165.73,2185.21,2136.88,2158.82,30623683,71962787840.00
2016/01/26,2132.22,2135.57,1990.51,1994.05,36762608,81772249088.00
2016/01/27,1997.32,2012.30,1888.25,1997.47,39761382,82136006656.00
2016/01/28,1969.31,1990.92,1900.88,1906.46,30546403,63263305728.00
2016/01/29,1908.26,2011.06,1907.29,1994.07,34466855,70828048384.00
2016/02/01,1989.21,2011.68,1956.92,1992.70,29892131,62990098432.00
2016/02/02,1996.59,2089.21,1996.59,2075.29,34710248,75053875200.00
2016/02/03,2049.32,2105.38,2034.60,2090.51,31768832,68663410688.00
2016/02/04,2095.62,2142.87,2095.62,2126.64,35059442,78395990016.00
2016/02/05,2127.35,2141.56,2096.99,2096.99,25785867,58247507968.00
2016/02/15,2029.56,2130.36,2029.56,2116.84,24986598,54905180160.00
2016/02/16,2128.06,2208.57,2128.06,2201.93,36587329,84154343424.00
2016/02/17,2197.93,2219.78,2171.00,2215.34,41643401,96020799488.00
2016/02/18,2230.80,2239.91,2188.19,2190.91,40537756,96123584512.00
2016/02/19,2186.02,2230.22,2182.96,2211.01,36792704,88677392384.00
2016/02/22,2235.17,2245.56,2216.16,2245.56,41953415,99016785920.00
2016/02/23,2245.75,2249.69,2189.53,2218.12,39969755,96000933888.00
2016/02/24,2212.59,2230.01,2154.27,2203.74,40601726,97205272576.00
2016/02/25,2198.93,2198.93,2030.42,2037.14,44873664,100580753408.00
2016/02/26,2045.51,2057.80,1980.17,2014.92,35814102,78888099840.00
2016/02/29,2000.57,2000.57,1866.25,1880.15,33848300,66577993728.00
2016/03/01,1881.32,1952.43,1841.22,1934.92,36084525,74426007552.00
2016/03/02,1930.84,2022.86,1925.02,2017.60,42454356,87510163456.00
2016/03/03,2014.18,2063.53,2006.71,2007.08,42006967,89644498944.00
2016/03/04,1994.06,2003.69,1895.40,1907.04,39762792,80145121280.00
2016/03/07,1935.09,1995.94,1935.09,1953.33,31730234,65548865536.00
2016/03/08,1944.65,2002.19,1865.65,2002.19,41226252,81062526976.00
2016/03/09,1962.28,2015.71,1947.05,1970.81,34193080,67879120896.00
2016/03/10,1968.77,1991.36,1935.12,1936.97,28365881,58393944064.00
2016/03/11,1911.33,1948.60,1903.92,1934.87,23173404,47910830080.00
2016/03/14,1962.11,2048.50,1962.11,2023.13,40997665,86634766336.00
2016/03/15,2016.81,2034.70,1995.46,1996.92,34452746,72362459136.00
2016/03/16,2029.92,2039.49,1961.42,1977.54,33507355,69662015488.00
2016/03/17,1986.14,2089.14,1986.14,2087.29,52208031,112176939008.00
2016/03/18,2102.19,2194.36,2102.08,2177.87,63938096,143482765312.00
2016/03/21,2214.91,2234.35,2191.66,2227.03,63845763,148205158400.00
2016/03/22,2201.19,2248.19,2189.94,2221.70,52501083,120596226048.00
2016/03/23,2214.87,2259.11,2205.07,2259.11,49852202,120640897024.00
2016/03/24,2234.22,2277.92,2217.84,2219.77,54767835,137460187136.00
2016/03/25,2209.26,2232.07,2183.60,2216.09,41598980,100729643008.00
2016/03/28,2233.13,2259.13,2192.35,2199.69,45630748,107843108864.00
2016/03/29,2190.88,2194.89,2130.85,2152.55,39628257,95076884480.00
2016/03/30,2172.74,2248.78,2172.74,2248.78,46542617,114883215360.00
2016/03/31,2256.43,2271.96,2232.30,2238.29,50514154,129875197952.00
2016/04/01,2223.38,2227.00,2171.34,2205.37,40715938,102483918848.00
2016/04/05,2207.46,2285.20,2205.44,2279.52,49811538,122369605632.00
2016/04/06,2274.77,2305.41,2271.50,2297.04,53433254,130880094208.00
2016/04/07,2310.92,2316.63,2248.68,2248.68,53930101,132792262656.00
2016/04/08,2230.95,2239.81,2194.23,2229.93,45924690,112813662208.00
2016/04/11,2255.07,2301.41,2255.07,2283.14,50116207,124475777024.00
2016/04/12,2283.21,2289.55,2236.44,2264.02,45314659,113106223104.00
2016/04/13,2278.52,2330.06,2278.52,2294.02,57522857,139156324352.00
2016/04/14,2310.60,2325.38,2289.57,2324.39,46139450,112999546880.00
2016/04/15,2328.31,2328.31,2297.68,2309.68,40308909,100894416896.00
2016/04/18,2288.42,2288.42,2249.34,2265.59,38252497,93760634880.00
2016/04/19,2278.31,2289.05,2253.59,2272.52,35911567,89440706560.00
2016/04/20,2279.76,2284.10,2119.42,2145.24,56160931,132675510272.00
2016/04/21,2135.93,2160.26,2106.97,2110.16,36026893,84193722368.00
2016/04/22,2093.78,2136.92,2090.95,2136.92,29586774,69405384704.00
2016/04/25,2128.66,2130.06,2083.64,2126.83,26959280,63861825536.00
2016/04/26,2123.87,2155.70,2119.38,2155.70,27579366,63580983296.00
2016/04/27,2162.76,2176.33,2142.46,2146.61,32179113,73175056384.00
2016/04/28,2149.10,2158.49,2108.27,2155.23,31257270,72814411776.00
2016/04/29,2141.58,2162.19,2138.74,2138.74,25362369,64368291840.00
2016/05/03,2138.96,2217.23,2126.87,2217.23,40518570,95647473664.00
2016/05/04,2210.13,2233.59,2206.26,2211.02,41117967,95900475392.00
2016/05/05,2208.40,2226.55,2198.76,2224.10,34603690,84074799104.00
2016/05/06,2226.44,2235.96,2129.19,2129.19,49401484,115405430784.00
2016/05/09,2107.33,2107.33,2045.12,2053.60,37401165,81898266624.00
2016/05/10,2051.38,2067.62,2044.28,2054.22,25343896,57233993728.00
2016/05/11,2067.69,2073.83,2032.30,2034.93,28980495,63500173312.00
2016/05/12,2006.26,2039.32,1975.07,2034.57,28433750,59790643200.00
2016/05/13,2030.94,2058.66,2013.86,2025.22,26223879,56643817472.00
2016/05/16,2017.84,2057.86,2008.54,2057.86,28343346,61746839552.00
2016/05/17,2059.52,2107.73,2036.88,2081.44,38088173,83762577408.00
2016/05/18,2062.81,2062.81,2000.53,2020.48,35523823,72015208448.00
2016/05/19,2023.96,2076.48,2023.96,2037.40,33919737,74046660608.00
2016/05/20,2018.38,2065.30,2013.53,2065.30,31659474,70408175616.00
2016/05/23,2073.00,2107.05,2073.00,2098.23,38387502,86250987520.00
2016/05/24,2094.21,2094.21,2061.52,2075.51,34139734,76185976832.00
2016/05/25,2091.97,2111.26,2062.64,2067.25,36260689,82368004096.00
2016/05/26,2060.43,2086.49,2019.30,2086.01,37261301,82107473920.00
2016/05/27,2076.30,2090.17,2065.38,2069.89,34131536,77629964288.00
2016/05/30,2054.62,2083.83,2033.67,2058.52,33054054,69387354112.00
2016/05/31,2061.84,2160.53,2060.14,2159.80,56992436,120200265728.00
2016/06/01,2164.73,2188.88,2163.05,2168.82,58794178,129591189504.00
2016/06/02,2163.59,2188.56,2160.25,2188.56,54154712,118358605824.00
2016/06/03,2176.36,2236.58,2175.82,2204.97,64614589,150518644736.00
2016/06/06,2212.46,2219.28,2181.99,2199.30,49092386,114324365312.00
2016/06/07,2202.04,2204.18,2181.30,2196.73,45258223,109011877888.00
2016/06/08,2191.27,2201.53,2166.97,2186.54,47491814,112163807232.00
2016/06/13,2150.39,2165.28,2054.71,2054.71,53756488,122513432576.00
2016/06/14,2045.21,2070.15,2032.44,2058.31,38905975,87452549120.00
2016/06/15,2033.60,2143.45,2031.67,2128.80,50827619,113545617408.00
2016/06/16,2124.16,2137.18,2097.35,2101.42,49736194,113033936896.00
2016/06/17,2109.57,2154.52,2105.24,2122.89,50886964,118262931456.00
2016/06/20,2117.99,2127.68,2088.29,2119.63,44233148,106588389376.00
2016/06/21,2135.46,2153.23,2083.69,2092.00,52619369,123646984192.00
2016/06/22,2085.98,2144.82,2085.65,2144.82,48500539,111990210560.00
2016/06/23,2144.58,2153.58,2115.84,2137.49,53512181,119668817920.00
2016/06/24,2131.15,2157.94,2060.20,2127.36,64400552,138999955456.00
2016/06/27,2111.10,2194.13,2110.60,2191.81,61802508,138599792640.00
2016/06/28,2181.41,2221.46,2173.53,2216.71,69894236,158151000064.00
2016/06/29,2228.51,2238.35,2203.49,2209.79,59866686,139526717440.00
2016/06/30,2213.60,2233.28,2206.81,2227.79,57068918,136500232192.00
2016/07/01,2231.18,2241.63,2203.93,2211.18,47684378,115024224256.00
2016/07/04,2195.62,2254.15,2193.84,2248.71,52081614,123025440768.00
2016/07/05,2253.69,2259.29,2229.00,2246.02,53546311,131520012288.00
2016/07/06,2239.76,2246.73,2229.27,2241.56,46098732,113881489408.00
2016/07/07,2240.90,2247.58,2212.41,2233.92,55049919,128715816960.00
2016/07/08,2231.97,2257.32,2220.21,2239.00,47569781,111859736576.00
2016/07/11,2242.26,2252.66,2216.57,2218.59,53188670,125927178240.00
2016/07/12,2218.02,2247.35,2182.03,2247.35,55163398,124488941568.00
2016/07/13,2258.26,2299.86,2250.64,2285.37,58098825,129661206528.00
2016/07/14,2282.16,2295.59,2273.42,2293.08,50294625,112541483008.00
2016/07/15,2289.10,2293.09,2260.16,2263.78,47067547,106680123392.00
2016/07/18,2257.42,2268.79,2234.21,2249.87,41749945,94095548416.00
2016/07/19,2249.74,2273.72,2237.00,2273.72,41359710,93873659904.00
2016/07/20,2272.64,2288.65,2268.53,2268.53,43689616,101818621952.00
2016/07/21,2266.08,2289.67,2259.20,2265.13,45103626,104339013632.00
2016/07/22,2262.10,2269.55,2248.30,2250.00,40420397,95097389056.00
2016/07/25,2245.86,2264.44,2235.45,2245.89,37437208,87825743872.00
2016/07/26,2245.94,2279.55,2245.94,2279.55,36165504,80885653504.00
2016/07/27,2282.07,2284.28,2138.78,2155.39,63315115,136786501632.00
2016/07/28,2150.32,2166.60,2109.87,2139.74,43038521,93423067136.00
2016/07/29,2144.27,2147.19,2109.13,2122.41,31654140,70697525248.00
2016/08/01,2113.67,2118.09,2066.18,2099.18,32837239,70365782016.00
2016/08/02,2096.55,2114.95,2094.12,2113.21,25102199,54824456192.00
2016/08/03,2110.23,2117.62,2096.73,2108.31,26589353,60208091136.00
2016/08/04,2107.62,2133.18,2102.27,2129.65,31872354,70346735616.00
2016/08/05,2128.74,2129.33,2107.44,2109.06,28354310,62410473472.00
2016/08/08,2102.24,2130.59,2083.98,2130.59,26546575,59332218880.00
2016/08/09,2128.64,2154.51,2128.22,2154.51,33634362,75119394816.00
2016/08/10,2155.39,2164.63,2136.83,2137.00,32552437,74725761024.00
2016/08/11,2134.60,2139.20,2103.40,2103.40,29775196,68817092608.00
2016/08/12,2098.77,2123.87,2097.91,2123.84,25919437,59659243520.00
2016/08/15,2126.79,2200.92,2112.25,2193.21,47469910,107664695296.00
2016/08/16,2195.02,2211.01,2192.97,2201.10,41894229,99220193280.00
2016/08/17,2200.24,2218.29,2195.37,2208.20,38309641,94247927808.00
2016/08/18,2204.95,2213.30,2191.93,2201.59,37873956,92612780032.00
2016/08/19,2200.68,2211.06,2194.11,2204.56,34079969,81998036992.00
2016/08/22,2205.58,2213.41,2167.40,2167.40,37116421,88505696256.00
2016/08/23,2168.34,2186.74,2160.30,2174.16,30192240,71274061824.00
2016/08/24,2178.53,2204.80,2176.35,2192.17,34558486,80246218752.00
2016/08/25,2179.01,2183.73,2152.11,2180.66,38573294,92006703104.00
2016/08/26,2186.00,2211.63,2182.11,2189.75,39402495,92417859584.00
2016/08/29,2187.72,2209.25,2183.81,2193.20,37814785,84334108672.00
2016/08/30,2197.49,2210.40,2193.07,2195.53,36388415,78025965568.00
2016/08/31,2194.61,2198.25,2175.84,2191.76,34232360,79190302720.00
2016/09/01,2192.94,2201.28,2181.33,2181.33,35320383,80316989440.00
2016/09/02,2176.39,2187.69,2160.12,2170.86,34463469,78164246528.00
2016/09/05,2178.63,2199.65,2178.09,2182.69,31350629,72522014720.00
2016/09/06,2183.23,2225.25,2161.93,2222.84,46134654,100947640320.00
2016/09/07,2223.02,2232.12,2208.83,2212.05,48768066,103235960832.00
2016/09/08,2211.39,2223.47,2207.12,2223.47,38590931,80711213056.00
2016/09/09,2223.58,2228.54,2202.97,2202.97,38968752,83363176448.00
2016/09/12,2163.45,2179.98,2145.03,2145.56,41905376,85731819520.00
2016/09/13,2157.95,2165.58,2139.34,2145.87,30860316,66241785856.00
2016/09/14,2137.40,2156.98,2131.71,2144.56,29032311,60399624192.00
2016/09/19,2149.37,2174.40,2149.37,2165.21,26844050,57115934720.00
2016/09/20,2164.42,2167.64,2153.94,2158.43,28844356,58750578688.00
2016/09/21,2158.06,2170.09,2157.38,2162.13,27049597,57269329920.00
2016/09/22,2174.30,2178.53,2166.62,2168.42,28362324,61945057280.00
2016/09/23,2171.63,2173.49,2156.04,2156.51,30098249,63659933696.00
2016/09/26,2154.40,2161.76,2122.90,2122.90,32401347,68205944832.00
2016/09/27,2118.95,2140.80,2112.70,2140.80,28166717,59577679872.00
2016/09/28,2143.72,2143.72,2132.55,2139.63,24175726,51069165568.00
2016/09/29,2141.34,2155.42,2140.98,2146.18,25538391,53909913600.00
2016/09/30,2144.47,2154.40,2143.34,2149.90,23142884,48014446592.00
2016/10/10,2165.85,2208.47,2163.41,2208.47,36210604,79254609920.00
2016/10/11,2207.43,2210.86,2201.31,2210.86,33618197,74087587840.00
2016/10/12,2202.36,2216.52,2198.89,2209.69,32205925,68693590016.00
2016/10/13,2211.76,2216.09,2200.52,2208.57,32880023,70015844352.00
2016/10/14,2203.87,2203.87,2178.91,2194.23,32467018,71744110592.00
2016/10/17,2199.18,2200.47,2160.01,2167.86,34755160,75275321344.00
2016/10/18,2164.60,2198.14,2164.60,2198.14,33830748,75480899584.00
2016/10/19,2200.53,2201.16,2180.47,2184.91,35703035,79193333760.00
2016/10/20,2187.41,2199.06,2184.35,2193.26,39193186,84494016512.00
2016/10/21,2196.85,2202.49,2167.83,2181.00,41616516,86896533504.00
2016/10/24,2184.11,2204.36,2176.92,2200.80,37525698,83347079168.00
2016/10/25,2202.79,2207.81,2196.57,2200.21,34010903,80367828992.00
2016/10/26,2203.48,2204.84,2179.76,2184.49,39927389,88142594048.00
2016/10/27,2182.91,2184.32,2171.24,2182.48,32058256,73099206656.00
2016/10/28,2182.56,2192.90,2165.03,2165.43,37520831,84037992448.00
2016/10/31,2158.57,2162.67,2145.57,2159.76,31724370,71498686464.00
2016/11/01,2160.39,2177.83,2159.71,2176.45,34872399,81948442624.00
2016/11/02,2170.81,2171.66,2145.07,2146.40,38992662,88504270848.00
2016/11/03,2137.13,2167.93,2135.28,2153.18,43866867,99368714240.00
2016/11/04,2151.92,2168.34,2142.41,2145.23,40275072,89121759232.00
2016/11/07,2141.30,2145.82,2126.95,2130.30,35113623,79743434752.00
2016/11/08,2138.45,2154.57,2136.25,2150.30,33764858,76689612800.00
2016/11/09,2150.62,2154.85,2098.56,2123.84,41862022,93897957376.00
2016/11/10,2143.56,2149.09,2138.94,2143.32,37575299,90342498304.00
2016/11/11,2143.58,2147.11,2125.49,2147.11,44124778,102156664832.00
2016/11/14,2146.83,2175.25,2146.83,2161.69,46558866,109741744128.00
2016/11/15,2161.57,2179.30,2152.38,2179.30,43229678,99672965120.00
2016/11/16,2187.50,2208.98,2182.12,2182.47,51659092,113829429248.00
2016/11/17,2176.12,2176.12,2157.54,2163.04,36753518,81920589824.00
2016/11/18,2164.71,2170.79,2155.23,2157.96,32671431,78249877504.00
2016/11/21,2156.46,2162.37,2147.05,2152.60,34743224,86720847872.00
2016/11/22,2156.52,2177.65,2146.62,2177.65,41202113,107157053440.00
2016/11/23,2182.10,2191.26,2163.00,2165.71,49392912,118245466112.00
2016/11/24,2159.61,2172.18,2142.95,2146.63,39967956,94879694848.00
2016/11/25,2145.97,2167.53,2123.74,2167.53,41598643,99075047424.00
2016/11/28,2172.97,2175.51,2159.73,2166.04,35057826,86536216576.00
2016/11/29,2161.78,2178.19,2153.72,2160.35,40323866,90413555712.00
2016/11/30,2157.54,2201.55,2155.24,2183.05,41888076,96636837888.00
2016/12/01,2181.73,2188.09,2175.50,2181.93,34102657,83035422720.00
2016/12/02,2180.39,2186.69,2143.21,2143.45,38481896,91440881664.00
2016/12/05,2129.25,2162.30,2124.75,2143.88,30341460,71489011712.00
2016/12/06,2149.75,2156.69,2121.25,2122.26,28738655,68273397760.00
2016/12/07,2123.55,2134.99,2116.54,2134.99,26993264,64602402816.00
2016/12/08,2135.79,2136.26,2114.04,2114.71,29346543,69894676480.00
2016/12/09,2114.45,2118.63,2097.09,2099.89,29318900,72802418688.00
2016/12/12,2095.58,2096.40,1981.17,1984.39,45320516,98589941760.00
2016/12/13,1982.08,1995.35,1961.91,1985.04,30454873,65404301312.00
2016/12/14,1982.98,1988.46,1958.04,1963.08,26826274,59922038784.00
2016/12/15,1957.71,1991.32,1956.55,1975.85,26921236,59878690816.00
2016/12/16,1977.86,2005.28,1972.22,1998.11,26396375,58833055744.00
2016/12/19,1995.00,1995.00,1976.77,1980.41,23412762,51680845824.00
2016/12/20,1981.69,1989.99,1974.93,1982.30,22915613,50798395392.00
2016/12/21,1987.76,1996.10,1985.05,1991.70,24556539,54142332928.00
2016/12/22,1993.04,1993.04,1978.74,1986.27,22576231,49651372032.00
2016/12/23,1987.73,1992.21,1964.23,1964.54,24758644,54365945856.00
2016/12/26,1959.19,1974.01,1933.52,1974.01,25822442,55096393728.00
2016/12/27,1972.51,1977.31,1968.57,1968.62,24282865,51573645312.00
2016/12/28,1968.15,1971.51,1954.96,1957.15,24099892,48942374912.00
2016/12/29,1956.72,1971.94,1955.62,1959.24,24144413,50721804288.00
2016/12/30,1961.22,1964.70,1952.68,1962.06,23751792,49725046784.00
2017/01/03,1965.04,1971.91,1959.14,1963.26,23801780,49977696256.00
2017/01/04,1963.02,1992.76,1959.57,1991.57,30298554,64299376640.00
2017/01/05,1990.70,1993.71,1983.84,1983.97,26841628,59511615488.00
2017/01/06,1980.84,1982.40,1963.32,1965.03,29057446,61752520704.00
2017/01/09,1962.20,1968.87,1951.49,1961.62,25094728,52501442560.00
2017/01/10,1960.10,1967.47,1951.18,1951.68,22764271,47925862400.00
2017/01/11,1947.42,1959.30,1932.46,1937.55,26448795,55762255872.00
2017/01/12,1935.52,1946.59,1929.05,1930.14,23379379,50207727616.00
2017/01/13,1930.11,1934.48,1899.11,1899.94,26489807,57399287808.00
2017/01/16,1897.45,1897.82,1783.74,1830.85,36824728,72670650368.00
2017/01/17,1824.10,1875.80,1805.39,1867.87,31653449,65227325440.00
2017/01/18,1860.24,1862.83,1845.57,1845.79,22720548,47087009792.00
2017/01/19,1842.66,1853.11,1833.50,1844.14,20696526,42999939072.00
2017/01/20,1844.37,1892.36,1842.62,1880.75,27940759,58111139840.00
2017/01/23,1879.97,1897.10,1879.71,1887.32,24566192,50458865664.00
2017/01/24,1885.24,1885.95,1859.71,1861.22,22732104,46141222912.00
2017/01/25,1857.32,1874.63,1856.22,1870.70,20653603,43885047808.00
2017/01/26,1872.14,1887.67,1872.14,1886.23,19862189,40551186432.00
2017/02/03,1886.97,1888.81,1872.70,1876.76,18991135,38310170624.00
2017/02/06,1877.14,1903.33,1874.71,1900.45,24797525,50807132160.00
2017/02/07,1897.87,1900.35,1881.73,1889.13,25506649,51671420928.00
2017/02/08,1887.34,1903.63,1881.14,1903.63,29127888,58632495104.00
2017/02/09,1903.67,1916.41,1901.88,1914.08,32106526,66598838272.00
2017/02/10,1913.23,1915.43,1900.71,1904.68,29874917,60928335872.00
2017/02/13,1902.46,1919.20,1894.15,1913.68,29419549,61229531136.00
2017/02/14,1914.14,1918.79,1906.41,1909.40,26741132,58086248448.00
2017/02/15,1911.04,1920.29,1890.09,1892.36,31909490,70039576576.00
2017/02/16,1891.87,1900.97,1886.41,1897.63,27688690,56169402368.00
2017/02/17,1896.70,1904.87,1881.00,1882.87,30519690,61989797888.00
2017/02/20,1884.99,1894.96,1876.67,1894.96,29283961,59714408448.00
2017/02/21,1896.86,1924.03,1895.43,1921.08,35734895,71445340160.00
2017/02/22,1921.55,1925.30,1909.12,1919.97,31624710,64797151232.00
2017/02/23,1919.24,1925.95,1906.81,1925.95,32704508,67213860864.00
2017/02/24,1925.10,1939.39,1921.30,1938.44,34053569,72649351168.00
2017/02/27,1937.56,1943.98,1923.53,1926.77,34433576,73146777600.00
2017/02/28,1926.14,1931.82,1918.32,1927.16,31317814,65279500288.00
2017/03/01,1925.70,1938.68,1923.75,1931.97,34223062,73798230016.00
2017/03/02,1936.08,1937.90,1919.74,1920.40,31413656,70396633088.00
2017/03/03,1916.20,1932.21,1908.32,1928.29,31517881,73076350976.00
2017/03/06,1931.62,1962.77,1931.62,1962.77,39855963,91192492032.00
2017/03/07,1967.18,1977.85,1957.29,1977.85,38814716,89511739392.00
2017/03/08,1976.85,1976.85,1960.07,1964.63,33620521,77768810496.00
2017/03/09,1962.64,1962.64,1948.79,1953.94,33261476,77444120576.00
2017/03/10,1952.50,1957.71,1945.57,1950.01,29642546,74276528128.00
2017/03/13,1948.52,1972.08,1939.03,1970.88,34137266,81686159360.00
2017/03/14,1967.47,1970.48,1952.10,1958.02,35582313,88532762624.00
2017/03/15,1951.71,1964.43,1943.61,1957.82,33550571,83914727424.00
2017/03/16,1959.05,1968.43,1959.05,1966.73,36240699,91374166016.00
2017/03/17,1968.15,1981.69,1949.35,1949.66,43486175,107534680064.00
2017/03/20,1948.60,1953.82,1939.65,1953.82,35099192,85238169600.00
2017/03/21,1953.56,1961.65,1948.89,1961.06,31857190,81684971520.00
2017/03/22,1952.80,1959.71,1939.29,1948.58,35523345,88667840512.00
2017/03/23,1951.87,1960.34,1930.44,1948.37,38097144,98808569856.00
2017/03/24,1948.27,1966.42,1946.12,1965.14,33568585,81243160576.00
2017/03/27,1964.62,1967.11,1947.53,1947.53,32664223,78273847296.00
2017/03/28,1946.33,1953.24,1940.38,1944.36,27764269,70893977600.00
2017/03/29,1945.14,1948.72,1926.60,1929.20,33074116,80132595712.00
2017/03/30,1924.51,1926.53,1893.30,1893.70,37535543,86765223936.00
2017/03/31,1895.81,1908.53,1895.81,1907.34,28325785,68317577216.00
2017/04/05,1914.91,1943.43,1914.91,1943.16,34404955,77563625472.00
2017/04/06,1947.09,1951.23,1939.37,1944.23,32938064,75014823936.00
2017/04/07,1942.11,1953.57,1939.32,1946.05,35617463,77555154944.00
2017/04/10,1940.30,1940.30,1911.11,1912.45,44655019,95786409984.00
2017/04/11,1907.10,1920.78,1887.89,1917.63,44673040,91645861888.00
2017/04/12,1913.78,1915.02,1896.85,1897.51,34557717,69998166016.00
2017/04/13,1896.49,1920.23,1896.49,1910.48,29854160,59032625152.00
2017/04/14,1910.99,1910.99,1887.35,1887.46,32508899,62593859584.00
2017/04/17,1880.77,1886.61,1862.36,1868.28,34278108,66301149184.00
2017/04/18,1867.58,1878.10,1847.20,1848.20,32714525,61818793984.00
2017/04/19,1841.60,1845.64,1812.39,1845.38,36153457,66658967552.00
2017/04/20,1843.97,1856.73,1836.44,1850.39,31129514,59897749504.00
2017/04/21,1849.28,1863.58,1836.52,1839.01,26452930,49677758464.00
2017/04/24,1832.82,1832.82,1796.36,1809.91,29459280,53551865856.00
2017/04/25,1809.56,1829.26,1807.67,1818.87,28768572,54314205184.00
2017/04/26,1812.86,1822.12,1811.04,1820.48,29522820,57534787584.00
2017/04/27,1815.11,1847.93,1794.40,1842.92,43238960,81342111744.00
2017/04/28,1838.74,1856.40,1834.43,1850.73,33686662,63150473216.00
2017/05/02,1849.22,1855.34,1843.83,1850.85,30401175,57626058752.00
2017/05/03,1848.71,1854.68,1832.56,1840.45,34236675,64994029568.00
2017/05/04,1838.71,1858.56,1828.63,1838.10,37835331,69897199616.00
2017/05/05,1832.68,1839.65,1818.19,1818.19,33874804,62216380416.00
2017/05/08,1814.10,1825.76,1788.71,1788.71,33282209,59759517696.00
2017/05/09,1780.52,1803.21,1770.59,1802.49,31945522,56282685440.00
2017/05/10,1801.78,1815.83,1771.32,1771.32,34492896,62511120384.00
2017/05/11,1761.47,1772.47,1727.58,1772.41,37314968,65550729216.00
2017/05/12,1768.30,1774.90,1750.40,1774.63,30941101,57215152128.00
2017/05/15,1778.18,1788.56,1776.01,1778.64,29051364,54257520640.00
2017/05/16,1774.39,1814.94,1764.29,1814.94,42500339,79321088000.00
2017/05/17,1812.71,1833.87,1810.21,1822.64,45265396,84344143872.00
2017/05/18,1807.18,1827.78,1803.86,1813.51,39567141,73613271040.00
2017/05/19,1812.73,1815.81,1793.04,1801.08,33845630,59963916288.00
2017/05/22,1798.56,1814.41,1779.47,1788.08,35193740,62546706432.00
2017/05/23,1784.53,1790.11,1757.37,1758.23,36268885,61455204352.00
2017/05/24,1749.16,1776.44,1730.36,1776.28,33117970,54905643008.00
2017/05/25,1770.65,1785.67,1745.23,1777.69,37690089,63087910912.00
2017/05/26,1769.12,1772.93,1754.77,1759.63,36145348,59709853696.00
2017/05/31,1777.65,1783.15,1762.08,1763.73,34190642,59776593920.00
2017/06/01,1757.80,1757.89,1728.49,1728.49,33856826,55146471424.00
2017/06/02,1721.40,1754.21,1711.82,1745.93,34117096,53593079808.00
2017/06/05,1747.53,1767.29,1747.53,1761.25,32786763,53323018240.00
2017/06/06,1759.29,1773.07,1758.32,1766.39,29892568,46987911168.00
2017/06/07,1764.96,1802.52,1762.73,1799.85,43103749,70834642944.00
2017/06/08,1798.69,1804.66,1792.10,1794.75,38599054,64702509056.00
2017/06/09,1793.65,1797.64,1782.18,1796.13,35001165,57664430080.00
2017/06/12,1787.56,1787.56,1773.53,1775.55,31062671,51834228736.00
2017/06/13,1773.01,1800.20,1771.85,1795.63,32889583,53624725504.00
2017/06/14,1794.04,1798.20,1787.06,1790.64,34038560,57522872320.00
2017/06/15,1788.81,1823.42,1788.43,1816.26,46357583,75208024064.00
2017/06/16,1816.16,1819.10,1809.48,1810.05,37122854,62371311616.00
2017/06/19,1809.51,1817.50,1805.88,1816.40,30777221,50453729280.00
2017/06/20,1818.69,1833.94,1818.69,1820.98,39576296,65739661312.00
2017/06/21,1827.89,1829.40,1810.04,1824.69,37814554,59336339456.00
2017/06/22,1821.84,1828.80,1798.38,1798.38,39877954,62965809152.00
2017/06/23,1794.50,1807.43,1776.60,1807.43,36235840,56371224576.00
2017/06/26,1805.88,1821.28,1801.21,1821.28,31533580,49661595648.00
2017/06/27,1821.37,1830.22,1816.66,1819.93,30839946,49380651008.00
2017/06/28,1817.43,1818.11,1802.38,1808.20,28924414,46482427904.00
2017/06/29,1808.29,1822.82,1807.62,1813.55,29049651,46626742272.00
2017/06/30,1808.08,1819.88,1802.61,1818.07,28840566,46835728384.00
2017/07/03,1818.20,1836.49,1816.03,1835.99,32861053,53734432768.00
2017/07/04,1833.89,1834.24,1823.85,1829.51,30874201,51392552960.00
2017/07/05,1827.26,1836.66,1820.96,1836.63,33699055,58615103488.00
2017/07/06,1835.81,1844.20,1823.37,1839.00,40819313,71183867904.00
2017/07/07,1833.88,1836.78,1828.72,1835.44,35697361,66271502336.00
2017/07/10,1831.37,1831.37,1803.23,1803.25,38393806,67826364416.00
2017/07/11,1799.52,1804.72,1783.91,1783.91,33432831,57463001088.00
2017/07/12,1779.90,1788.69,1764.10,1786.75,34480054,57912274944.00
2017/07/13,1784.26,1786.22,1774.78,1778.86,27825789,48637378560.00
2017/07/14,1771.33,1771.33,1742.22,1745.57,33167379,54991486976.00
2017/07/17,1730.70,1730.70,1656.43,1656.43,46499189,69685313536.00
2017/07/18,1646.64,1672.72,1641.38,1667.49,32358398,49449140224.00
2017/07/19,1663.16,1685.74,1654.77,1684.77,30168379,46752444416.00
2017/07/20,1684.26,1712.70,1683.11,1688.61,31859904,50142195712.00
2017/07/21,1688.79,1699.67,1685.79,1690.15,26468755,40983035904.00
2017/07/24,1685.71,1689.38,1674.72,1686.44,29321921,45364047872.00
2017/07/25,1686.57,1694.40,1680.95,1688.09,29443222,43832205312.00
2017/07/26,1689.48,1692.62,1674.22,1681.31,30263096,46866141184.00
2017/07/27,1678.87,1742.92,1675.30,1742.19,59959413,88183562240.00
2017/07/28,1740.54,1746.54,1732.89,1734.07,45218823,70056845312.00
2017/07/31,1731.92,1744.05,1725.50,1736.30,39178929,60509130752.00
2017/08/01,1735.91,1742.01,1727.59,1741.07,40161138,62340132864.00
2017/08/02,1740.39,1744.30,1723.23,1724.83,41466381,64004960256.00
2017/08/03,1723.03,1757.76,1716.53,1733.12,45035096,68392554496.00
2017/08/04,1731.03,1734.18,1718.91,1719.62,39374511,58568568832.00
2017/08/07,1722.24,1743.62,1720.99,1732.43,33202934,49625133056.00
2017/08/08,1731.73,1762.44,1728.59,1762.42,43987135,66074947584.00
2017/08/09,1756.50,1770.75,1751.83,1763.05,42390069,66714804224.00
2017/08/10,1761.43,1777.19,1741.40,1753.67,42035272,66252750848.00
2017/08/11,1742.00,1763.91,1738.14,1742.14,40966825,63757991936.00
2017/08/14,1745.01,1794.07,1745.01,1793.48,49528270,76753371136.00
2017/08/15,1796.24,1803.19,1785.62,1798.57,44066165,70203555840.00
2017/08/16,1797.05,1835.62,1792.72,1825.19,62215595,97985314816.00
2017/08/17,1819.43,1845.25,1816.14,1833.40,57385711,92751110144.00
2017/08/18,1822.07,1835.67,1817.64,1821.80,46144286,73891176448.00
2017/08/21,1823.37,1834.66,1818.86,1829.22,39697316,64140259328.00
2017/08/22,1829.40,1831.66,1811.97,1814.92,42144422,71327203328.00
2017/08/23,1813.43,1818.65,1801.15,1807.37,37852260,64918986752.00
2017/08/24,1807.85,1812.08,1792.70,1795.74,39556577,67195674624.00
2017/08/25,1794.70,1814.54,1794.70,1812.88,39373183,66818867200.00
2017/08/28,1815.84,1856.21,1815.84,1842.83,54348969,95318474752.00
2017/08/29,1842.15,1850.82,1828.54,1831.59,47377871,86072983552.00
2017/08/30,1830.70,1849.24,1830.55,1838.63,41185621,75127799808.00
2017/08/31,1841.00,1850.81,1839.81,1849.38,39984154,76798836736.00
2017/09/01,1850.02,1865.81,1840.52,1865.25,51487784,93646856192.00
2017/09/04,1863.02,1888.98,1858.39,1883.62,60183803,105636298752.00
2017/09/05,1881.67,1891.79,1873.16,1885.16,55091995,99401433088.00
2017/09/06,1880.70,1902.86,1877.27,1902.86,59420418,108287336448.00
2017/09/07,1904.54,1917.96,1889.33,1890.38,69683105,129307115520.00
2017/09/08,1888.40,1895.86,1872.91,1885.27,52111382,95666225152.00
2017/09/11,1883.65,1896.38,1880.14,1896.38,49408368,90968858624.00
2017/09/12,1897.52,1904.30,1882.57,1884.48,63835543,114036695040.00
2017/09/13,1884.54,1888.44,1874.87,1888.43,47073417,81263017984.00
2017/09/14,1887.36,1892.99,1874.22,1879.25,47803712,83890208768.00
2017/09/15,1877.17,1882.53,1869.63,1875.63,43668997,77160726528.00
2017/09/18,1874.45,1894.81,1873.97,1894.80,39592145,73702187008.00
2017/09/19,1896.62,1901.27,1877.14,1880.30,43950149,82189025280.00
2017/09/20,1878.57,1892.67,1876.68,1892.67,45220895,84825645056.00
2017/09/21,1892.95,1898.21,1872.65,1872.77,49244465,91337777152.00
2017/09/22,1869.11,1871.24,1854.94,1866.42,44521763,82606612480.00
2017/09/25,1864.86,1869.39,1841.36,1843.62,40950703,78680530944.00
2017/09/26,1840.48,1848.14,1826.92,1839.46,37443374,76278939648.00
2017/09/27,1840.17,1857.33,1840.17,1854.94,36546605,72495357952.00
2017/09/28,1853.38,1864.25,1852.46,1854.73,39536586,77583908864.00
2017/09/29,1858.06,1866.98,1856.86,1866.98,39320912,76712050688.00
2017/10/09,1889.89,1894.91,1880.39,1889.84,47047717,87404871680.00
2017/10/10,1890.66,1917.46,1887.47,1917.46,54539819,100675731456.00
2017/10/11,1918.35,1924.00,1899.96,1901.55,54561541,103501234176.00
2017/10/12,1900.87,1909.48,1889.44,1899.99,44826495,84206723072.00
2017/10/13,1901.18,1927.02,1898.34,1926.07,47288442,90860494848.00
2017/10/16,1920.94,1921.64,1882.69,1882.69,55229016,100755169280.00
2017/10/17,1876.69,1888.62,1868.92,1876.99,33843305,64217047040.00
2017/10/18,1878.29,1890.32,1867.83,1868.16,38426017,72058675200.00
2017/10/19,1865.93,1876.67,1855.36,1862.61,37950222,67060617216.00
2017/10/20,1858.62,1880.21,1856.10,1880.21,31106954,58789986304.00
2017/10/23,1881.41,1900.38,1878.34,1898.76,33221669,63738896384.00
2017/10/24,1895.44,1901.69,1882.68,1901.69,34304096,64899715072.00
2017/10/25,1898.63,1913.26,1893.94,1913.26,32008676,62451015680.00
2017/10/26,1911.85,1918.79,1902.27,1910.72,37129737,73415843840.00
2017/10/27,1909.57,1910.93,1895.26,1896.22,33676192,66409000960.00
2017/10/30,1894.86,1902.05,1848.04,1855.99,45174416,83207864320.00
2017/10/31,1855.94,1869.79,1855.23,1869.79,30424371,61624496128.00
2017/11/01,1867.99,1881.49,1866.52,1872.75,33746366,72479932416.00
2017/11/02,1869.72,1869.72,1847.41,1847.56,36142295,74856726528.00
2017/11/03,1843.80,1856.22,1825.29,1832.97,34622489,69283864576.00
2017/11/06,1831.90,1850.30,1818.41,1850.30,32860325,68999946240.00
2017/11/07,1849.32,1859.11,1843.92,1859.07,35446553,75382439936.00
2017/11/08,1858.64,1881.05,1856.39,1866.14,41798819,86317228032.00
2017/11/09,1864.25,1884.11,1858.73,1884.11,38871109,78337409024.00
2017/11/10,1882.72,1905.06,1882.28,1900.63,42308016,86120890368.00
2017/11/13,1904.58,1911.17,1895.87,1906.44,43329133,90068803584.00
2017/11/14,1908.04,1912.49,1888.86,1896.72,44263376,93279469568.00
2017/11/15,1892.65,1894.61,1861.59,1868.08,37304752,77714825216.00
2017/11/16,1865.72,1883.02,1859.77,1878.26,33919882,67012632576.00
2017/11/17,1879.43,1884.02,1831.01,1833.90,48941244,87667154944.00
2017/11/20,1819.17,1859.75,1795.69,1859.75,34647990,63005044736.00
2017/11/21,1856.73,1871.71,1844.42,1856.96,36583815,70835134464.00
2017/11/22,1854.58,1867.79,1837.30,1853.38,37662686,71937146880.00
2017/11/23,1848.22,1848.22,1793.49,1794.78,36564053,70121938944.00
2017/11/24,1789.51,1804.21,1782.60,1782.66,30068797,57323134976.00
2017/11/27,1781.22,1794.01,1758.45,1760.90,29595114,54672556032.00
2017/11/28,1761.52,1794.14,1761.52,1793.87,29097990,52269690880.00
2017/11/29,1793.28,1795.51,1767.63,1787.38,31519554,57155813376.00
2017/11/30,1783.23,1792.14,1765.30,1770.30,28435528,53347520512.00
2017/12/01,1772.04,1808.69,1771.89,1804.62,33246748,59123015680.00
2017/12/04,1803.03,1812.40,1795.13,1797.77,32285388,60410187776.00
2017/12/05,1794.70,1799.88,1746.12,1758.59,34953777,59904524288.00
2017/12/06,1755.77,1784.82,1744.49,1784.31,32556898,56431603712.00
2017/12/07,1780.97,1791.06,1775.00,1776.99,30133486,53669789696.00
2017/12/08,1776.26,1803.36,1776.26,1792.16,31775054,58024124416.00
2017/12/11,1800.13,1816.98,1800.13,1816.98,35147910,62381506560.00
2017/12/12,1818.41,1821.48,1798.69,1798.69,32687475,59250040832.00
2017/12/13,1795.47,1806.19,1787.71,1806.09,29086653,51605512192.00
2017/12/14,1804.19,1809.67,1787.67,1794.34,29836963,54132248576.00
2017/12/15,1793.24,1801.41,1780.27,1783.97,31839326,56645267456.00
2017/12/18,1784.41,1790.87,1773.32,1780.64,28155481,51255877632.00
2017/12/19,1781.81,1802.58,1781.81,1798.50,28159755,49874452480.00
2017/12/20,1798.36,1799.36,1779.68,1782.41,29232107,51115692032.00
2017/12/21,1776.45,1796.58,1762.98,1789.74,31933627,57226211328.00
2017/12/22,1788.66,1795.07,1778.61,1779.34,28850480,52603678720.00
2017/12/25,1778.96,1780.52,1751.91,1755.81,32017755,53994082304.00
2017/12/26,1755.14,1760.46,1742.26,1758.82,28709117,52631646208.00
2017/12/27,1756.04,1760.42,1743.77,1745.24,29566531,54313697280.00
2017/12/28,1742.47,1759.10,1742.02,1745.02,30244637,54006362112.00
2017/12/29,1745.95,1753.98,1741.00,1752.65,27708177,49066045440.00
2018/01/02,1759.02,1770.01,1748.53,1769.67,27532368,46923804672.00
2018/01/03,1770.03,1798.78,1766.34,1795.38,37065373,63263330304.00
2018/01/04,1790.65,1795.25,1788.54,1794.61,32511790,56868171776.00
2018/01/05,1797.26,1804.88,1795.26,1801.42,31297257,55457320960.00
2018/01/08,1801.18,1806.16,1785.38,1806.16,34430751,60814209024.00
2018/01/09,1803.36,1808.66,1799.42,1803.59,29817281,52887437312.00
2018/01/10,1803.60,1804.73,1780.10,1791.08,34398566,60396675072.00
2018/01/11,1787.38,1807.15,1776.01,1804.23,38318018,66724835328.00
2018/01/12,1800.89,1802.52,1785.61,1785.70,33682567,57836605440.00
2018/01/15,1778.79,1780.19,1727.00,1732.62,40088904,66643992576.00
2018/01/16,1729.56,1740.85,1720.65,1729.60,32634267,57837846528.00
2018/01/17,1722.45,1750.06,1697.62,1742.03,39236930,67197734912.00
2018/01/18,1735.46,1754.62,1734.77,1738.00,29252425,51267399680.00
2018/01/19,1735.03,1745.59,1726.53,1728.14,32442629,58774958080.00
2018/01/22,1726.32,1776.18,1715.43,1768.21,41961114,70674767872.00
2018/01/23,1767.33,1776.49,1760.34,1767.83,33874215,58580844544.00
2018/01/24,1763.69,1817.08,1752.30,1813.28,54469189,91616108544.00
2018/01/25,1811.11,1852.23,1807.51,1810.83,59931214,97888600064.00
2018/01/26,1809.13,1830.55,1809.13,1816.80,42053693,70760497152.00
2018/01/29,1811.54,1826.10,1791.58,1799.77,44124936,72989138944.00
2018/01/30,1794.33,1808.01,1779.33,1782.40,35466133,57718517760.00
2018/01/31,1766.77,1767.78,1732.98,1735.06,44603968,68637560832.00
2018/02/01,1735.66,1746.55,1697.39,1697.39,45082594,68858249216.00
2018/02/02,1683.18,1726.89,1676.24,1702.43,40344732,59650170880.00
2018/02/05,1678.19,1698.28,1674.98,1688.27,31945519,47661789184.00
2018/02/06,1653.45,1675.56,1597.89,1598.12,43013429,61405446144.00
2018/02/07,1632.87,1637.78,1571.47,1616.40,44850859,63609475072.00
2018/02/08,1608.73,1651.59,1608.63,1641.43,45922127,57356435456.00
2018/02/09,1598.48,1629.36,1576.89,1592.51,48379914,61689720832.00
2018/02/12,1604.56,1654.65,1604.56,1648.07,39352247,53476728832.00
2018/02/13,1657.13,1669.08,1644.87,1648.58,36224369,50752323584.00
2018/02/14,1649.57,1652.01,1633.76,1646.77,26030479,35211100160.00
2018/02/22,1661.56,1679.79,1650.88,1677.76,31568458,45102018560.00
2018/02/23,1674.62,1681.24,1656.95,1668.83,35293567,47999414272.00
2018/02/26,1683.15,1733.71,1673.95,1729.15,48349861,71869259776.00
2018/02/27,1729.94,1757.37,1728.31,1743.54,56491563,82012643328.00
2018/02/28,1730.15,1773.73,1723.40,1753.63,53315517,77501849600.00
2018/03/01,1744.34,1789.85,1741.03,1789.85,56670665,82123145216.00
2018/03/02,1777.46,1804.25,1767.90,1772.01,54471804,79900393472.00
2018/03/05,1780.82,1795.69,1768.88,1795.69,43586464,68503740416.00
2018/03/06,1798.03,1810.26,1790.54,1797.61,50175161,82147745792.00
2018/03/07,1795.17,1800.45,1780.30,1785.27,43481160,69913567232.00
2018/03/08,1783.10,1795.82,1781.46,1793.22,41561941,69779177472.00
2018/03/09,1794.25,1858.03,1793.92,1856.46,70726039,110318706688.00
2018/03/12,1872.03,1901.15,1872.03,1882.41,74704456,122208468992.00
2018/03/13,1879.63,1896.50,1863.16,1872.68,62153302,100212195328.00
2018/03/14,1863.57,1874.15,1840.35,1841.29,51908645,83791216640.00
2018/03/15,1833.77,1848.72,1812.48,1848.71,47712566,80551395328.00
2018/03/16,1847.18,1857.15,1821.32,1821.32,42184052,70457720832.00
2018/03/19,1822.60,1860.20,1818.62,1842.92,46305893,77829775360.00
2018/03/20,1828.01,1867.46,1825.67,1864.62,51393308,81072226304.00
2018/03/21,1866.81,1877.13,1829.91,1829.91,58396622,94479605760.00
2018/03/22,1830.56,1841.40,1814.69,1817.23,47262838,77234733056.00
2018/03/23,1751.74,1792.23,1710.40,1726.02,68610556,104279949312.00
2018/03/26,1704.35,1781.84,1693.73,1780.61,50640530,83660873728.00
2018/03/27,1799.15,1846.54,1797.09,1844.69,63541324,109519888384.00
2018/03/28,1819.66,1856.89,1816.44,1835.15,66070688,108498165760.00
2018/03/29,1843.44,1857.32,1825.97,1842.19,58532501,96509739008.00
2018/03/30,1850.20,1900.96,1849.25,1900.48,69905378,117497438208.00
2018/04/02,1911.57,1918.22,1891.96,1900.25,74880913,129520041984.00
2018/04/03,1869.87,1886.97,1850.01,1872.47,62799238,108404924416.00
2018/04/04,1880.33,1887.11,1834.67,1836.81,58128189,100146618368.00
2018/04/09,1830.88,1862.97,1819.09,1841.65,53586331,93358735360.00
2018/04/10,1838.88,1842.22,1811.35,1835.52,60303174,105722068992.00
2018/04/11,1840.09,1857.92,1832.42,1834.63,56039658,97834967040.00
2018/04/12,1830.91,1848.63,1826.69,1826.89,50445581,89765879808.00
2018/04/13,1840.87,1848.92,1822.66,1824.59,49321095,88096964608.00
2018/04/16,1818.25,1852.08,1816.32,1838.71,55631708,94980104192.00
2018/04/17,1843.75,1849.69,1783.74,1783.74,58117799,98299969536.00
2018/04/18,1793.83,1832.99,1757.39,1822.26,63462348,106735550464.00
2018/04/19,1815.45,1839.13,1812.93,1820.28,59617800,103801774080.00
2018/04/20,1813.75,1830.73,1781.21,1782.81,58874618,95548383232.00
2018/04/23,1784.15,1794.68,1729.90,1753.05,52322501,84312809472.00
2018/04/24,1753.64,1806.90,1749.18,1806.86,54781039,91575599104.00
2018/04/25,1798.00,1825.23,1795.79,1819.41,56271860,101042151424.00
2018/04/26,1818.69,1819.43,1780.62,1781.28,51665471,90090545152.00
2018/04/27,1790.30,1813.57,1779.17,1805.60,49011465,83647602688.00
2018/05/02,1814.63,1833.27,1788.01,1801.57,47948177,77508444160.00
2018/05/03,1797.12,1827.77,1767.60,1826.79,51381782,84597907456.00
2018/05/04,1821.02,1832.96,1812.07,1814.85,44555363,76174696448.00
2018/05/07,1819.67,1854.30,1819.02,1852.34,49841357,84376502272.00
2018/05/08,1852.69,1857.95,1842.63,1856.87,50618824,85475426304.00
2018/05/09,1853.83,1861.94,1845.90,1855.81,50079088,82627100672.00
2018/05/10,1857.99,1866.82,1846.11,1865.36,55158673,90332102656.00
2018/05/11,1866.93,1870.00,1834.78,1834.78,53033001,87506665472.00
2018/05/14,1835.70,1844.65,1825.69,1830.98,47722578,78742716416.00
2018/05/15,1830.84,1858.99,1825.50,1858.01,44742033,75553472512.00
2018/05/16,1850.01,1862.29,1845.09,1846.67,44964470,75226030080.00
2018/05/17,1845.28,1851.12,1826.23,1831.20,41665758,68175753216.00
2018/05/18,1829.06,1839.00,1812.66,1836.75,41947324,69464276992.00
2018/05/21,1845.76,1870.57,1845.76,1862.48,53369519,88821284864.00
2018/05/22,1860.63,1876.16,1858.11,1876.00,51728267,88218968064.00
2018/05/23,1869.50,1876.20,1845.81,1845.97,54283397,93941235712.00
2018/05/24,1847.81,1855.99,1837.44,1838.40,46370842,78852390912.00
2018/05/25,1835.41,1841.64,1804.55,1804.55,50762260,82843262976.00
2018/05/28,1804.78,1815.22,1788.03,1796.91,47967365,77577355264.00
2018/05/29,1795.72,1815.20,1773.62,1773.65,47438301,78026735616.00
2018/05/30,1744.24,1758.87,1724.28,1726.22,54472402,83405127680.00
2018/05/31,1741.33,1748.53,1714.85,1743.74,44875686,69374345216.00
2018/06/01,1734.35,1744.01,1699.68,1709.55,42962345,66534080512.00
2018/06/04,1709.57,1715.41,1690.99,1702.93,37885093,58911813632.00
2018/06/05,1702.37,1747.75,1702.37,1746.11,42829137,69143789568.00
2018/06/06,1744.17,1751.97,1735.37,1743.25,42978566,70029623296.00
2018/06/07,1747.93,1750.51,1728.06,1730.38,41101808,64105934848.00
2018/06/08,1726.30,1727.49,1698.25,1711.52,40310940,62199111680.00
2018/06/11,1707.14,1708.20,1684.31,1688.62,35996993,58187685888.00
2018/06/12,1692.67,1715.66,1681.00,1712.77,38385570,62593400832.00
2018/06/13,1711.53,1711.53,1685.89,1685.89,37548016,58910085120.00
2018/06/14,1682.84,1702.69,1669.38,1673.32,35059822,54404321280.00
2018/06/15,1673.90,1681.89,1636.70,1641.66,42963410,63344128000.00
2018/06/19,1612.90,1626.87,1532.32,1547.15,51102924,68399300608.00
2018/06/20,1540.61,1577.62,1525.29,1563.79,47938684,67053420544.00
2018/06/21,1562.37,1570.60,1521.56,1521.68,46918974,64570507264.00
2018/06/22,1514.04,1555.72,1506.62,1549.66,42497378,62490832896.00
2018/06/25,1563.74,1566.78,1537.27,1538.56,39844112,58129620992.00
2018/06/26,1518.50,1570.28,1515.27,1564.92,45864486,66152439808.00
2018/06/27,1564.29,1572.61,1542.52,1546.23,45591215,63035043840.00
2018/06/28,1544.65,1570.90,1540.89,1543.66,43304138,62744997888.00
2018/06/29,1547.15,1609.73,1547.15,1606.71,53696302,78377656320.00
2018/07/02,1605.21,1614.34,1572.56,1588.37,52699447,75229495296.00
2018/07/03,1589.50,1613.83,1558.00,1607.12,56654688,84920827904.00
2018/07/04,1595.89,1596.00,1557.54,1565.61,49069423,73233113088.00
2018/07/05,1560.98,1576.99,1532.43,1532.68,44402899,63457095680.00
2018/07/06,1532.05,1571.02,1517.06,1541.31,52784156,76084289536.00
2018/07/09,1546.01,1582.53,1546.01,1581.93,44704134,66506571776.00
2018/07/10,1583.74,1594.00,1577.39,1592.98,46284338,70123134976.00
2018/07/11,1562.59,1577.17,1540.70,1563.01,54205240,79633301504.00
2018/07/12,1563.79,1620.64,1563.79,1614.63,66027329,98166784000.00
2018/07/13,1612.19,1626.27,1608.60,1618.46,59975420,86899466240.00
2018/07/16,1614.56,1624.33,1605.21,1616.91,54502804,77990182912.00
2018/07/17,1615.84,1622.09,1597.88,1621.63,52099525,70443876352.00
2018/07/18,1622.29,1635.91,1607.88,1607.88,54942872,76791488512.00
2018/07/19,1607.93,1619.39,1582.97,1590.06,48701257,67961999360.00
2018/07/20,1589.31,1615.06,1578.80,1609.55,47607815,68336455680.00
2018/07/23,1592.24,1621.17,1589.64,1620.97,56063294,77794459648.00
2018/07/24,1615.72,1641.97,1607.54,1629.61,60980866,83256598528.00
2018/07/25,1629.13,1645.44,1626.09,1632.32,57503331,81179926528.00
2018/07/26,1631.46,1635.05,1601.46,1606.12,62541499,76151201792.00
2018/07/27,1601.27,1607.30,1590.43,1594.57,51793009,59263209472.00
2018/07/30,1593.60,1596.73,1554.04,1559.64,47052240,56666673152.00
2018/07/31,1557.60,1571.87,1551.09,1561.26,38682712,49121759232.00
2018/08/01,1568.12,1580.84,1541.86,1541.86,43096596,52726300672.00
2018/08/02,1538.28,1538.94,1484.48,1510.09,52104330,63575789568.00
2018/08/03,1512.57,1523.24,1481.61,1481.61,35986045,44979617792.00
2018/08/06,1471.36,1485.85,1434.79,1440.80,38149596,47017570304.00
2018/08/07,1445.62,1482.03,1435.09,1479.44,40346032,50125234176.00
2018/08/08,1475.32,1480.28,1446.81,1447.76,40958092,47881453568.00
2018/08/09,1443.87,1509.87,1443.30,1497.61,50565249,60544569344.00
2018/08/10,1496.10,1514.51,1496.10,1511.71,41058539,51505897472.00
2018/08/13,1494.32,1534.12,1490.82,1531.34,43528579,55543169024.00
2018/08/14,1530.45,1533.07,1512.16,1518.49,39294661,48315281408.00
2018/08/15,1518.28,1519.72,1472.44,1478.51,42034532,48897474560.00
2018/08/16,1458.39,1489.34,1449.93,1463.87,40486316,47554617344.00
2018/08/17,1475.89,1480.42,1432.06,1434.31,38191213,46446505984.00
2018/08/20,1428.26,1444.00,1404.19,1435.69,39557195,49403281408.00
2018/08/21,1435.36,1461.38,1431.84,1456.97,39472402,51651842048.00
2018/08/22,1454.71,1457.79,1437.26,1439.55,38469603,44538204160.00
2018/08/23,1439.66,1463.02,1438.28,1455.50,38919965,48456589312.00
2018/08/24,1450.95,1460.65,1442.81,1450.09,35110756,42039443456.00
2018/08/27,1455.66,1495.68,1454.28,1493.43,44329997,55817273344.00
2018/08/28,1495.90,1499.68,1485.54,1493.11,40443114,51022233600.00
2018/08/29,1491.78,1491.78,1475.97,1481.19,36929514,44142006272.00
2018/08/30,1479.85,1484.16,1456.24,1457.92,38571997,44483497984.00
2018/08/31,1450.47,1455.51,1434.31,1435.20,34966143,40257470464.00
2018/09/03,1433.63,1445.30,1416.24,1443.69,37705448,43759685632.00
2018/09/04,1442.27,1461.11,1430.66,1455.50,44518686,50634149888.00
2018/09/05,1450.39,1457.59,1430.24,1430.24,44146668,49611530240.00
2018/09/06,1424.46,1443.56,1416.57,1422.87,41905424,48803061760.00
2018/09/07,1426.98,1453.09,1415.17,1425.23,45714662,53939744768.00
2018/09/10,1424.01,1427.33,1390.14,1390.82,41741248,45834690560.00
2018/09/11,1389.54,1405.98,1383.13,1395.17,36747320,39309836288.00
2018/09/12,1394.16,1406.40,1382.84,1385.80,36223156,41100148736.00
2018/09/13,1401.96,1408.87,1369.51,1391.28,42769869,48537726976.00
2018/09/14,1394.09,1396.47,1366.57,1366.57,43722262,47733571584.00
2018/09/17,1360.72,1365.40,1345.58,1349.78,37591480,38096490496.00
2018/09/18,1348.11,1379.38,1347.12,1377.30,41638030,42574909440.00
2018/09/19,1375.21,1405.71,1369.47,1392.40,49908639,52623601664.00
2018/09/20,1391.25,1400.04,1384.71,1387.62,43468368,41375817728.00
2018/09/21,1393.67,1413.56,1382.40,1411.12,46145262,46406987776.00
2018/09/25,1401.86,1416.78,1398.40,1405.81,33961766,35504381952.00
2018/09/26,1409.02,1430.12,1403.56,1420.75,43969168,46591459328.00
2018/09/27,1418.37,1423.39,1399.15,1400.36,49046820,49513578496.00
2018/09/28,1403.96,1412.95,1394.25,1411.34,38975683,41415991296.00
2018/10/08,1380.65,1388.16,1353.23,1353.67,37885507,40063787008.00
2018/10/09,1357.97,1365.83,1338.73,1345.95,32554214,35222450176.00
2018/10/10,1350.68,1358.49,1333.84,1346.70,33740896,36189192192.00
2018/10/11,1299.17,1311.84,1255.42,1261.88,54575787,53790187520.00
2018/10/12,1253.92,1276.59,1230.40,1268.41,49562476,47193653248.00
2018/10/15,1268.88,1282.29,1249.20,1250.22,38982650,40395849728.00
2018/10/16,1249.56,1252.04,1210.10,1216.69,41139608,41187016704.00
2018/10/17,1231.00,1237.77,1204.08,1231.86,46837450,48318590976.00
2018/10/18,1220.29,1230.13,1205.03,1205.03,45298371,48616042496.00
2018/10/19,1186.49,1252.69,1184.91,1249.89,49743303,53297684480.00
2018/10/22,1270.50,1329.55,1270.49,1314.95,67040368,72811692032.00
2018/10/23,1313.68,1321.97,1281.11,1292.06,56342047,60496842752.00
2018/10/24,1285.86,1303.23,1277.59,1284.10,45634501,49793445888.00
2018/10/25,1245.30,1279.94,1239.59,1273.60,46661932,48880541696.00
2018/10/26,1283.07,1290.57,1257.50,1263.19,41997490,44338659328.00
2018/10/29,1262.54,1271.35,1245.15,1250.48,36434882,37891493888.00
2018/10/30,1248.67,1279.04,1222.62,1259.95,44339806,47286980608.00
2018/10/31,1263.34,1287.35,1259.66,1275.57,44622354,47039549440.00
2018/11/01,1291.88,1312.77,1286.33,1286.33,59508617,61767364608.00
2018/11/02,1328.46,1349.43,1320.74,1348.28,68860713,73187794944.00
2018/11/05,1347.47,1371.43,1325.02,1348.88,67791544,72267251712.00
2018/11/06,1346.53,1350.82,1327.40,1349.11,50219016,52788191232.00
2018/11/07,1349.62,1367.27,1345.20,1345.77,58586065,60705947648.00
2018/11/08,1357.89,1359.29,1328.99,1329.59,50689611,49987072000.00
2018/11/09,1321.33,1337.39,1318.21,1322.83,43652554,43175743488.00
2018/11/12,1322.87,1370.87,1320.52,1368.79,62902639,61741518848.00
2018/11/13,1356.62,1400.87,1353.63,1392.06,87290888,81288036352.00
2018/11/14,1388.23,1401.43,1382.79,1385.73,74507255,68566228992.00
2018/11/15,1382.34,1405.39,1381.29,1405.25,68113463,73521430528.00
2018/11/16,1406.73,1415.38,1390.81,1403.28,72087100,79078637568.00
2018/11/19,1399.00,1403.94,1380.60,1394.40,63350102,64721334272.00
2018/11/20,1384.18,1385.96,1352.73,1355.33,63894445,66775240704.00
2018/11/21,1344.40,1364.76,1342.16,1363.03,57344923,58326454272.00
2018/11/22,1365.48,1371.39,1349.99,1353.92,51790139,51407843328.00
2018/11/23,1355.17,1355.17,1306.56,1308.74,63949536,62292701184.00
2018/11/26,1309.47,1316.47,1296.03,1304.56,42769700,43878428672.00
2018/11/27,1314.09,1322.41,1307.20,1315.43,44788730,45495017472.00
2018/11/28,1314.53,1341.51,1305.02,1341.08,55448497,54381289472.00
2018/11/29,1347.74,1351.98,1312.72,1312.72,55540169,56025780224.00
2018/11/30,1309.89,1332.93,1304.66,1329.39,48034178,47595196416.00
2018/12/03,1365.90,1380.82,1358.10,1372.79,66019821,69557256192.00
2018/12/04,1370.29,1378.99,1366.49,1378.75,56644954,55518683136.00
2018/12/05,1359.27,1391.03,1355.70,1381.77,60014964,58584186880.00
2018/12/06,1371.34,1376.32,1342.81,1345.76,57111806,56905031680.00
2018/12/07,1344.13,1349.26,1334.39,1341.02,47585257,45245632512.00
2018/12/10,1328.06,1340.16,1325.91,1326.85,45161321,44109258752.00
2018/12/11,1332.52,1339.02,1328.44,1338.08,43401098,41158352896.00
2018/12/12,1343.90,1347.74,1335.35,1338.73,45260072,42056351744.00
2018/12/13,1341.55,1357.02,1327.02,1348.50,51922690,51198226432.00
2018/12/14,1346.90,1346.90,1309.44,1310.46,52506979,51419631616.00
2018/12/17,1303.88,1306.95,1284.66,1299.17,41966203,41445810176.00
2018/12/18,1293.15,1307.90,1282.96,1293.34,40321940,39846486016.00
2018/12/19,1295.89,1296.86,1265.75,1268.81,38466011,38808674304.00
2018/12/20,1266.76,1282.11,1265.88,1278.16,38969150,38526496768.00
2018/12/21,1274.04,1279.50,1259.81,1270.30,38881079,39714185216.00
2018/12/24,1267.23,1285.69,1263.57,1284.33,38790014,41357008896.00
2018/12/25,1269.14,1279.70,1243.97,1273.45,53075755,52920315904.00
2018/12/26,1272.24,1280.36,1262.34,1264.07,44764549,46206595072.00
2018/12/27,1283.17,1285.52,1246.79,1248.08,48542962,49646620672.00
2018/12/28,1248.06,1253.84,1236.28,1250.53,43144916,43707273216.00
2019/01/02,1250.62,1251.23,1226.87,1228.77,37899531,40715423744.00
2019/01/03,1226.74,1240.29,1213.87,1214.50,46874281,45978386432.00
2019/01/04,1203.67,1246.39,1201.80,1245.16,57771140,55816724480.00
2019/01/07,1250.40,1270.36,1244.82,1268.06,63864037,61925683200.00
2019/01/08,1262.20,1270.43,1258.57,1263.51,59502582,54821191680.00
2019/01/09,1263.73,1285.31,1258.62,1262.52,67379457,64890105856.00
2019/01/10,1262.10,1270.66,1255.74,1258.99,60079139,54960791552.00
2019/01/11,1260.00,1266.67,1252.30,1261.56,57687061,53791608832.00
2019/01/14,1263.02,1264.04,1243.53,1246.00,56699158,51815206912.00
2019/01/15,1243.93,1267.65,1238.59,1266.27,58126895,53805117440.00
2019/01/16,1267.14,1277.27,1262.27,1267.30,55111235,53057093632.00
2019/01/17,1267.82,1267.82,1251.15,1251.41,51818064,49201442816.00
2019/01/18,1255.60,1270.00,1248.85,1269.50,50640530,47848419328.00
2019/01/21,1271.39,1283.14,1266.80,1274.79,51088753,49277800448.00
2019/01/22,1273.47,1273.47,1247.45,1252.24,47440492,47338459136.00
2019/01/23,1250.83,1255.41,1244.94,1251.13,41704004,42102042624.00
2019/01/24,1252.38,1272.49,1248.06,1265.16,50755540,53393223680.00
2019/01/25,1266.63,1276.99,1261.41,1265.49,51347193,53316452352.00
2019/01/28,1272.37,1279.82,1257.53,1259.74,51305174,50093461504.00
2019/01/29,1259.80,1259.80,1229.48,1243.59,51543345,48519442432.00
2019/01/30,1238.28,1248.96,1230.82,1230.82,41711934,40668958720.00
2019/01/31,1231.00,1243.59,1220.95,1227.99,52366207,46090207232.00
2019/02/01,1233.38,1272.19,1233.38,1271.27,46354210,45332103168.00
2019/02/11,1275.22,1319.18,1274.73,1316.10,52224416,53336158208.00
2019/02/12,1316.91,1336.14,1314.91,1332.27,58697467,58466107392.00
2019/02/13,1335.16,1362.64,1333.11,1357.67,72372681,75301904384.00
2019/02/14,1357.78,1369.78,1349.47,1361.94,67547726,68833599488.00
2019/02/15,1360.76,1371.96,1355.78,1357.84,68019638,67865178112.00
2019/02/18,1364.94,1413.77,1364.94,1413.60,91472143,91224547328.00
2019/02/19,1419.04,1427.14,1391.57,1406.04,102824505,101612216320.00
2019/02/20,1406.99,1417.89,1387.90,1408.38,85928762,80986095616.00
2019/02/21,1405.52,1452.39,1401.77,1412.54,106419625,107939061760.00
2019/02/22,1409.86,1456.30,1407.29,1456.30,98390321,103361429504.00
2019/02/25,1487.30,1538.16,1481.17,1536.37,146336606,157072375808.00
2019/02/26,1549.24,1581.83,1532.44,1546.99,154548729,174758395904.00
2019/02/27,1544.16,1555.59,1503.68,1520.42,122573201,136155021312.00
2019/02/28,1522.63,1549.33,1519.76,1535.68,98043519,107413479424.00
2019/03/01,1558.90,1568.32,1532.45,1567.87,93850278,107552063488.00
2019/03/04,1596.55,1651.01,1593.26,1619.71,139956931,164612636672.00
2019/03/05,1615.59,1676.57,1613.50,1676.57,141562275,158009081856.00
2019/03/06,1684.97,1704.10,1661.01,1700.50,162408735,185035341824.00
2019/03/07,1699.60,1719.15,1666.37,1692.42,164515686,193323450368.00
2019/03/08,1647.85,1718.38,1635.45,1654.49,170862330,202893934592.00
2019/03/11,1673.40,1728.33,1656.14,1727.80,148764384,175443132416.00
2019/03/12,1733.43,1789.16,1733.43,1773.43,175565483,212596310016.00
2019/03/13,1769.55,1769.55,1682.36,1693.86,152889685,184041947136.00
2019/03/14,1676.61,1700.52,1628.64,1650.19,118466693,139360321536.00
2019/03/15,1667.78,1685.08,1642.70,1662.62,98734441,115892412416.00
2019/03/18,1671.28,1707.06,1652.88,1707.06,95332936,115075440640.00
2019/03/19,1706.19,1730.35,1693.54,1708.87,98553411,116802535424.00
2019/03/20,1701.73,1705.59,1654.30,1687.90,100299384,119746437120.00
2019/03/21,1683.55,1716.45,1677.65,1703.85,117792895,136120958976.00
2019/03/22,1703.97,1703.97,1660.33,1693.87,100370135,117780578304.00
2019/03/25,1662.76,1695.09,1658.45,1668.84,104375725,121494372352.00
2019/03/26,1680.78,1684.36,1627.23,1630.19,104600710,121483640832.00
2019/03/27,1640.21,1645.56,1616.60,1637.77,87928097,101684297728.00
2019/03/28,1632.04,1659.95,1624.01,1626.82,86193706,102676176896.00
2019/03/29,1633.38,1693.55,1628.74,1693.55,100114564,122199359488.00
2019/04/01,1710.16,1766.37,1710.16,1760.89,121650996,151230070784.00
2019/04/02,1771.69,1774.98,1747.44,1754.16,131529823,164935680000.00
2019/04/03,1743.99,1769.76,1739.14,1768.18,111334596,137815687168.00
2019/04/04,1780.28,1784.47,1761.05,1777.26,115917091,146242863104.00
2019/04/08,1787.96,1792.03,1720.00,1739.66,119082024,150613393408.00
2019/04/09,1734.18,1753.52,1721.32,1741.17,98511499,122167623680.00
2019/04/10,1727.97,1740.85,1714.64,1726.64,116036255,137660235776.00
2019/04/11,1727.22,1732.61,1688.10,1691.10,103545437,122235035648.00
2019/04/12,1692.43,1702.35,1683.29,1695.73,83599278,98040004608.00
2019/04/15,1721.64,1726.20,1666.65,1666.90,89210623,112065241088.00
2019/04/16,1656.76,1697.53,1638.30,1697.53,95438650,120181858304.00
2019/04/17,1699.19,1729.21,1697.97,1717.44,107376772,134221430784.00
2019/04/18,1715.18,1719.96,1702.93,1704.55,99340776,116778795008.00
2019/04/19,1704.72,1715.80,1692.49,1715.80,95607644,109925351424.00
2019/04/22,1720.78,1723.56,1690.64,1697.51,102662459,116581261312.00
2019/04/23,1695.27,1706.08,1677.73,1683.80,93033375,105043476480.00
2019/04/24,1690.28,1721.42,1676.64,1718.85,86336153,99574816768.00
2019/04/25,1709.83,1723.66,1669.24,1669.98,103488546,112522887168.00
2019/04/26,1664.04,1682.46,1653.69,1657.82,82295686,96658522112.00
2019/04/29,1658.19,1661.06,1611.22,1615.62,89788375,104464842752.00
2019/04/30,1612.11,1634.71,1608.72,1623.78,67089716,75753578496.00
2019/05/06,1551.72,1563.61,1487.45,1494.89,81031183,90073137152.00
2019/05/07,1506.97,1523.66,1474.50,1504.16,71414081,79128887296.00
2019/05/08,1469.24,1515.16,1465.09,1481.87,69212266,75448025088.00
2019/05/09,1470.98,1491.38,1466.97,1469.48,62281924,68339040256.00
2019/05/10,1489.19,1535.16,1463.19,1533.87,88878924,99807772672.00
2019/05/13,1513.96,1523.88,1494.48,1503.06,68284178,76809158656.00
2019/05/14,1492.90,1517.67,1491.44,1494.60,66451752,75552964608.00
2019/05/15,1509.45,1533.73,1503.67,1528.69,70865256,81620246528.00
2019/05/16,1528.63,1537.59,1515.61,1533.67,71206744,81998331904.00
2019/05/17,1537.45,1537.45,1472.46,1478.75,85849562,93823918080.00
2019/05/20,1478.20,1481.19,1450.28,1469.31,69790734,78124539904.00
2019/05/21,1469.97,1504.21,1465.88,1493.72,71139761,80912596992.00
2019/05/22,1493.66,1503.81,1477.46,1488.63,75104707,82769608704.00
2019/05/23,1486.95,1486.95,1449.14,1451.24,79315305,88032649216.00
2019/05/24,1452.04,1465.24,1437.93,1443.75,65014833,69677760512.00
2019/05/27,1447.98,1496.79,1445.79,1491.95,74315057,82619121664.00
2019/05/28,1497.12,1506.78,1483.76,1505.16,75525871,86188236800.00
2019/05/29,1492.58,1507.18,1488.04,1497.89,66917693,76096634880.00
2019/05/30,1494.35,1495.24,1466.83,1485.24,69812267,79121457152.00
2019/05/31,1487.28,1498.24,1474.53,1483.66,65465278,77733462016.00
2019/06/03,1489.43,1499.01,1466.27,1468.98,71768355,83556376576.00
2019/06/04,1467.59,1476.21,1448.00,1456.27,63831588,75585978368.00
2019/06/05,1471.95,1475.54,1448.99,1451.18,62980458,74343596032.00
2019/06/06,1450.10,1450.10,1411.61,1416.06,62187252,69402763264.00
2019/06/10,1422.34,1441.17,1410.57,1431.34,54225467,62719885312.00
2019/06/11,1432.95,1488.93,1430.09,1487.35,83442255,95036309504.00
2019/06/12,1481.42,1486.60,1467.54,1473.90,75916365,89510961152.00
2019/06/13,1474.55,1485.72,1464.84,1479.83,75013262,85464358912.00
2019/06/14,1478.53,1489.47,1451.66,1453.96,74768380,84459175936.00
2019/06/17,1450.56,1459.21,1437.14,1442.35,56997685,63376117760.00
2019/06/18,1443.65,1460.19,1437.04,1455.75,53789400,61696708608.00
2019/06/19,1501.25,1504.41,1469.59,1469.99,77993089,91176878080.00
2019/06/20,1469.81,1507.62,1463.82,1498.01,83670038,96706650112.00
2019/06/21,1531.39,1534.49,1515.91,1523.81,103894653,119444504576.00
2019/06/24,1526.70,1526.70,1507.69,1514.46,88485984,101087436800.00
2019/06/25,1512.93,1512.93,1480.27,1498.47,83518680,89689120768.00
2019/06/26,1490.56,1511.53,1487.75,1504.55,72317768,80582254592.00
2019/06/27,1510.09,1529.72,1507.97,1525.24,82720017,92312076288.00
2019/06/28,1523.79,1523.79,1501.63,1511.51,76333521,82023178240.00
2019/07/01,1545.06,1568.40,1534.56,1568.16,95588571,111314853888.00
2019/07/02,1565.99,1577.03,1560.60,1570.51,85373339,101788467200.00
2019/07/03,1566.30,1566.30,1538.37,1544.36,71583163,87394541568.00
2019/07/04,1548.56,1551.14,1525.29,1532.74,65887633,77581828096.00
2019/07/05,1535.48,1551.94,1532.86,1547.74,56981127,68712718336.00
2019/07/08,1547.60,1547.60,1495.23,1506.66,71985841,85042937856.00
2019/07/09,1507.39,1521.71,1501.74,1517.79,51837661,63279308800.00
2019/07/10,1521.95,1523.81,1504.66,1510.43,51291224,63700369408.00
2019/07/11,1522.81,1531.64,1507.70,1514.20,53400624,64265801728.00
2019/07/12,1517.04,1525.69,1506.70,1518.07,52203777,62384480256.00
2019/07/15,1512.77,1556.05,1496.81,1547.47,71413141,87713554432.00
2019/07/16,1545.34,1551.99,1538.62,1545.27,57055200,72175788032.00
2019/07/17,1544.42,1563.05,1541.37,1550.22,62319513,77604003840.00
2019/07/18,1542.43,1542.66,1524.48,1524.48,58632213,69967437824.00
2019/07/19,1532.38,1552.74,1532.38,1541.98,54482721,66749243392.00
2019/07/22,1545.91,1545.93,1511.52,1515.97,59460660,68768301056.00
2019/07/23,1519.63,1535.04,1516.86,1534.93,48815543,59433680896.00
2019/07/24,1539.23,1562.13,1538.67,1553.72,62182764,76820094976.00
2019/07/25,1552.85,1567.33,1549.49,1566.08,58250038,73356836864.00
2019/07/26,1562.20,1565.44,1552.39,1561.86,49682582,63181701120.00
2019/07/29,1561.27,1566.74,1556.38,1566.52,49739310,63367503872.00
2019/07/30,1568.16,1593.69,1566.60,1580.13,56056773,71741923328.00
2019/07/31,1577.20,1578.75,1567.99,1570.39,49678391,62918127616.00
2019/08/01,1562.53,1578.86,1561.20,1573.87,53238743,68821123072.00
2019/08/02,1539.92,1559.12,1536.40,1556.74,61741259,78714011648.00
2019/08/05,1552.35,1566.73,1531.37,1531.37,55998768,73506029568.00
2019/08/06,1501.40,1517.68,1478.54,1507.91,74142424,87726006272.00
2019/08/07,1520.58,1523.62,1500.07,1500.25,51855359,67119947776.00
2019/08/08,1512.27,1526.18,1511.34,1522.97,48632470,65342980096.00
2019/08/09,1532.98,1536.25,1504.89,1507.71,53389191,69532983296.00
2019/08/12,1511.32,1539.91,1506.68,1539.91,51313082,66323935232.00
2019/08/13,1526.08,1535.98,1519.01,1524.36,48041894,63234842624.00
2019/08/14,1546.21,1551.44,1534.85,1536.66,58219586,77282607104.00
2019/08/15,1507.95,1556.01,1505.43,1555.77,61485833,75194949632.00
2019/08/16,1554.72,1584.38,1553.82,1567.99,64693983,84671930368.00
2019/08/19,1586.01,1622.84,1581.71,1622.84,89620554,116494491648.00
2019/08/20,1624.80,1630.32,1607.40,1611.59,83911540,107402846208.00
2019/08/21,1614.30,1616.08,1605.40,1609.83,67621491,88460197888.00
2019/08/22,1614.13,1615.61,1599.31,1613.46,68810035,87178321920.00
2019/08/23,1614.54,1623.19,1605.01,1615.56,71199829,91488886784.00
2019/08/26,1588.55,1608.20,1587.90,1600.80,66665918,83917283328.00
2019/08/27,1611.90,1646.87,1610.00,1628.12,80858368,100786085888.00
2019/08/28,1629.99,1632.69,1617.25,1625.19,75561575,90729889792.00
2019/08/29,1625.96,1632.96,1615.57,1620.86,77118266,92028944384.00
2019/08/30,1630.05,1637.26,1600.45,1610.90,89764724,112261758976.00
2019/09/02,1614.03,1655.42,1610.81,1652.29,85920279,112810672128.00
2019/09/03,1656.05,1662.38,1646.92,1660.43,88876711,117466030080.00
2019/09/04,1656.59,1669.41,1650.03,1669.41,88852061,116787208192.00
2019/09/05,1682.44,1708.97,1682.44,1689.05,115982552,152800968704.00
2019/09/06,1699.66,1700.19,1674.67,1692.24,94286868,128985882624.00
2019/09/09,1702.99,1733.23,1691.94,1733.23,112397120,153381879808.00
2019/09/10,1733.63,1734.97,1715.75,1725.31,109761197,149457305600.00
2019/09/11,1730.35,1736.18,1700.91,1703.54,94464744,127282102272.00
2019/09/12,1713.59,1715.33,1695.29,1710.57,82485893,109895835648.00
2019/09/16,1715.92,1723.11,1703.38,1714.37,93380674,122057818112.00
2019/09/17,1710.77,1710.77,1671.07,1677.99,95946159,123243257856.00
2019/09/18,1683.15,1687.11,1668.66,1679.31,77797993,103102701568.00
2019/09/19,1684.93,1706.86,1676.50,1705.60,77939585,107661221888.00
2019/09/20,1709.23,1716.84,1701.40,1705.05,81861383,117847179264.00
2019/09/23,1699.34,1699.34,1669.89,1684.32,78227222,108083175424.00
2019/09/24,1685.12,1706.82,1678.18,1694.60,85258936,125498843136.00
2019/09/25,1686.19,1689.23,1670.68,1672.65,83686812,116899151872.00
2019/09/26,1677.79,1680.93,1623.65,1623.79,85389488,116113833984.00
2019/09/27,1628.14,1653.06,1624.75,1647.53,66989739,89136922624.00
2019/09/30,1648.90,1651.87,1626.05,1627.55,57100676,75460083712.00
2019/10/08,1631.92,1638.72,1615.16,1616.58,56130708,78646099968.00
2019/10/09,1613.02,1623.18,1601.81,1622.42,54507433,75366383616.00
2019/10/10,1632.22,1668.17,1627.43,1666.97,65454119,94999838720.00
2019/10/11,1667.95,1675.74,1654.56,1666.83,73142654,99079643136.00
2019/10/14,1678.79,1690.94,1671.09,1679.38,81755294,108030631936.00
2019/10/15,1676.24,1676.24,1659.11,1660.89,84824386,109416218624.00
2019/10/16,1661.00,1671.77,1655.30,1656.37,71384315,95525511168.00
2019/10/17,1657.93,1664.10,1652.43,1658.26,62932494,83610591232.00
2019/10/18,1662.61,1674.92,1644.27,1648.63,69621792,89301032960.00
2019/10/21,1651.29,1651.29,1628.93,1644.51,65727686,84147429376.00
2019/10/22,1649.76,1667.21,1647.31,1666.87,66785190,84531372032.00
2019/10/23,1668.71,1672.43,1646.99,1650.29,67317979,82982699008.00
2019/10/24,1650.79,1658.39,1640.16,1653.86,63894840,76912279552.00
2019/10/25,1655.29,1677.03,1649.14,1675.34,66393594,82084855808.00
2019/10/28,1687.37,1704.78,1684.11,1704.42,92214079,116166844416.00
2019/10/29,1702.15,1706.31,1686.58,1686.58,98225986,122075348992.00
2019/10/30,1684.60,1689.83,1672.10,1684.08,78073735,98559688704.00
2019/10/31,1688.42,1693.39,1669.33,1671.31,68010322,88607580160.00
2019/11/01,1667.86,1688.71,1663.61,1687.00,64583252,84399865856.00
2019/11/04,1689.58,1707.11,1689.00,1699.92,67321000,93753966592.00
2019/11/05,1704.06,1718.18,1695.40,1713.29,64748531,93404110848.00
2019/11/06,1720.68,1721.10,1696.79,1703.02,64296773,94051491840.00
2019/11/07,1698.63,1724.37,1695.34,1715.58,61746938,88248868864.00
2019/11/08,1724.40,1731.00,1709.96,1711.22,65839680,97102176256.00
2019/11/11,1699.17,1700.28,1671.67,1673.13,65448503,88650924032.00
2019/11/12,1676.43,1679.73,1654.91,1671.44,56920943,77505675264.00
2019/11/13,1673.55,1683.63,1666.57,1681.79,51317667,74730323968.00
2019/11/14,1682.87,1696.73,1681.07,1692.58,54779580,78710243328.00
2019/11/15,1692.08,1695.97,1674.78,1674.78,61722545,88128864256.00
2019/11/18,1671.59,1683.46,1665.11,1682.49,52224997,75876474880.00
2019/11/19,1685.75,1729.16,1683.57,1729.08,67367355,95274336256.00
2019/11/20,1730.03,1745.09,1717.01,1719.66,69311267,97634779136.00
2019/11/21,1713.44,1726.76,1706.88,1713.20,56086057,80124002304.00
2019/11/22,1721.88,1736.83,1670.93,1679.80,72448378,107158568960.00
2019/11/25,1682.23,1684.45,1652.54,1661.77,59748924,83900997632.00
2019/11/26,1667.78,1679.73,1659.03,1679.08,55443958,77536460800.00
2019/11/27,1671.15,1686.49,1659.00,1674.39,52869133,74706812928.00
2019/11/28,1675.17,1683.25,1668.16,1673.79,49591082,69811560448.00
2019/11/29,1670.39,1673.23,1647.29,1664.90,49298765,69920137216.00
2019/12/02,1670.16,1680.24,1665.11,1669.54,50711154,70743252992.00
2019/12/03,1664.79,1675.42,1647.67,1675.39,54839039,75332042752.00
2019/12/04,1666.60,1683.79,1663.93,1673.78,52555544,72752381952.00
2019/12/05,1681.25,1714.08,1679.40,1709.83,63428042,94645141504.00
2019/12/06,1711.64,1726.80,1707.22,1726.80,66525918,93314465792.00
2019/12/09,1733.48,1734.06,1715.39,1721.07,70982449,99544514560.00
2019/12/10,1715.71,1734.02,1711.01,1734.02,75974593,103703101440.00
2019/12/11,1730.40,1733.74,1713.90,1718.26,77995587,102874275840.00
2019/12/12,1720.42,1733.75,1716.78,1720.99,78031036,104856281088.00
2019/12/13,1738.56,1757.75,1733.12,1755.41,81972539,118913179648.00
2019/12/16,1760.80,1780.33,1752.01,1780.33,96066630,134231793664.00
2019/12/17,1782.99,1807.95,1780.52,1801.62,108961727,149450899456.00
2019/12/18,1798.40,1804.38,1787.23,1792.42,105321415,140230164480.00
2019/12/19,1792.71,1797.02,1781.03,1790.44,100376984,127954518016.00
2019/12/20,1792.05,1798.38,1771.71,1771.71,95294231,118868967424.00
2019/12/23,1763.73,1775.01,1735.72,1736.62,83578134,110096916480.00
2019/12/24,1742.89,1769.89,1742.86,1769.87,72078880,100741365760.00
2019/12/25,1766.22,1787.50,1764.81,1784.39,81747977,116543709184.00
2019/12/26,1784.43,1793.64,1777.70,1793.64,77388718,111574622208.00
2019/12/27,1795.41,1805.19,1767.17,1767.58,91075748,129794867200.00
2019/12/30,1763.58,1790.91,1749.16,1790.24,79328426,112214048768.00
2019/12/31,1790.80,1804.82,1787.45,1798.12,70185624,98354569216.00
2020/01/02,1811.22,1839.41,1797.54,1832.74,104308809,140075515904.00
2020/01/03,1836.86,1842.56,1821.67,1836.01,102278947,139125096448.00
2020/01/06,1825.55,1876.46,1824.35,1859.92,123882597,160826212352.00
2020/01/07,1866.26,1893.21,1866.26,1893.21,117716464,154495664128.00
2020/01/08,1881.01,1892.58,1858.28,1862.70,124252640,157851975680.00
2020/01/09,1884.42,1913.78,1884.42,1913.14,111039941,151693672448.00
2020/01/10,1917.61,1917.83,1894.67,1904.19,101909878,142241579008.00
2020/01/13,1905.40,1935.07,1893.57,1935.07,97008284,141704806400.00
2020/01/14,1941.12,1945.77,1922.13,1922.56,104559052,147347079168.00
2020/01/15,1920.66,1928.69,1902.61,1924.24,96262132,134073352192.00
2020/01/16,1924.52,1936.03,1917.56,1929.96,90789901,131290349568.00
2020/01/17,1935.30,1949.04,1928.35,1932.51,87891982,128495017984.00
2020/01/20,1940.12,1982.18,1935.83,1982.18,96129782,148823162880.00
2020/01/21,1979.37,1987.66,1959.44,1967.03,97771047,144546480128.00
2020/01/22,1958.08,2004.39,1928.03,1993.90,104920752,156071034880.00
2020/01/23,1973.33,1996.55,1904.28,1927.74,115766356,171066179584.00
2020/02/03,1769.16,1830.81,1769.16,1795.77,55016176,86251839488.00
2020/02/04,1786.16,1886.80,1786.16,1882.69,137879858,179446923264.00
2020/02/05,1908.97,1966.26,1901.80,1939.62,128392844,185062391808.00
2020/02/06,1934.98,2014.88,1918.66,2012.25,139859248,199165165568.00
2020/02/07,2014.16,2025.32,1976.79,2015.80,150570021,206543372288.00
2020/02/10,2019.31,2043.68,2007.23,2042.18,140850193,198346440704.00
2020/02/11,2044.22,2046.81,2015.76,2028.44,114694176,166312968192.00
2020/02/12,2024.38,2086.94,2022.68,2085.28,125141580,183951409152.00
2020/02/13,2080.82,2093.37,2052.57,2064.60,132454668,199479492608.00
2020/02/14,2063.31,2104.01,2049.26,2069.22,120465864,189243883520.00
2020/02/17,2089.21,2146.18,2089.21,2146.18,137288265,209062117376.00
2020/02/18,2149.30,2170.95,2134.34,2170.95,151987308,232264024064.00
2020/02/19,2168.85,2171.95,2137.41,2139.44,153374702,239314599936.00
2020/02/20,2151.42,2190.50,2140.06,2186.74,149959190,231845609472.00
2020/02/21,2191.98,2247.42,2189.25,2226.64,171554382,265897590784.00
2020/02/24,2223.19,2271.70,2213.82,2263.97,174379828,280513019904.00
2020/02/25,2218.33,2293.46,2171.68,2287.31,203878173,320273776640.00
2020/02/26,2248.65,2263.07,2173.20,2180.70,181700143,275653689344.00
2020/02/27,2200.38,2233.76,2163.88,2196.71,151009506,226726199296.00
2020/02/28,2114.32,2155.97,2068.93,2071.57,163640946,240165896192.00
2020/03/02,2110.45,2153.22,2082.97,2135.42,135581757,203270062080.00
2020/03/03,2190.50,2238.73,2151.52,2173.35,164936782,244497891328.00
2020/03/04,2159.86,2180.43,2122.45,2169.44,136894653,200034189312.00
2020/03/05,2206.08,2216.82,2176.49,2209.59,153722439,225376960512.00
2020/03/06,2178.50,2220.36,2175.01,2192.94,132655706,179819413504.00
2020/03/09,2151.27,2163.73,2091.86,2093.06,147291766,206355677184.00
2020/03/10,2083.20,2151.45,2052.06,2148.81,146435946,211479461888.00
2020/03/11,2157.93,2162.60,2100.51,2101.46,138201955,196260528128.00
2020/03/12,2070.22,2076.01,2025.91,2045.93,116725612,166985170944.00
2020/03/13,1937.95,2055.33,1937.95,2030.58,139508390,192739639296.00
2020/03/16,2034.75,2036.73,1902.40,1910.77,141969966,202262560768.00
2020/03/17,1941.20,1955.62,1847.51,1917.70,118215891,167196983296.00
2020/03/18,1941.30,1980.79,1887.04,1887.04,119135600,175202762752.00
2020/03/19,1898.76,1908.69,1838.31,1894.94,111763652,164730748928.00
2020/03/20,1923.96,1928.88,1878.85,1915.05,99447956,147320995840.00
2020/03/23,1856.30,1884.45,1819.77,1827.05,100245520,140788924416.00
2020/03/24,1869.04,1880.86,1817.55,1876.91,107738325,150786048000.00
2020/03/25,1924.99,1940.07,1915.53,1937.85,109371605,154129547264.00
2020/03/26,1922.79,1948.63,1914.35,1927.28,91010076,127107923968.00
2020/03/27,1955.87,1957.70,1902.79,1903.88,88595915,125181968384.00
2020/03/30,1875.31,1877.50,1833.01,1860.48,93248637,125944299520.00
2020/03/31,1876.69,1886.27,1862.86,1871.92,75089025,104910962688.00
2020/04/01,1875.36,1900.18,1862.27,1864.80,79588689,109742325760.00
2020/04/02,1860.08,1916.95,1857.32,1916.95,83463906,117682610176.00
2020/04/03,1912.74,1928.34,1898.79,1906.67,78491577,113433010176.00
2020/04/07,1944.96,1972.87,1942.80,1969.78,93934405,135628374016.00
2020/04/08,1960.36,1974.72,1956.90,1964.76,102688836,138065461248.00
2020/04/09,1981.24,2001.36,1975.04,1997.14,102822082,142509932544.00
2020/04/10,1990.26,1994.35,1943.69,1949.88,117673204,157491593216.00
2020/04/13,1929.80,1937.33,1913.96,1923.08,82726406,108060917760.00
2020/04/14,1937.29,1985.43,1934.48,1985.43,87774175,123248566272.00
2020/04/15,1991.60,2002.76,1975.80,1977.51,92250820,129513930752.00
2020/04/16,1970.73,2012.46,1968.25,2008.39,94386726,128959127552.00
2020/04/17,2025.65,2048.28,2015.83,2020.77,108220064,156698247168.00
2020/04/20,2027.84,2043.56,2022.59,2043.44,94948121,132570595328.00
2020/04/21,2035.77,2035.77,1996.96,2023.94,100837495,136526233600.00
2020/04/22,2005.65,2043.56,2002.96,2043.17,96548430,124832538624.00
2020/04/23,2053.12,2057.85,2027.33,2029.52,101770887,133324029952.00
2020/04/24,2032.55,2038.24,1997.12,2003.75,98175461,122061488128.00
2020/04/27,2011.16,2035.89,1995.51,2018.67,84520651,108114100224.00
2020/04/28,2023.96,2046.93,1967.40,2030.72,98202547,132028948480.00
2020/04/29,2022.51,2053.38,2020.98,2030.48,74031472,101273894912.00
2020/04/30,2044.68,2077.81,2043.82,2069.43,92259394,136310890496.00
2020/05/06,2052.39,2111.66,2051.29,2110.27,88958108,137454747648.00
2020/05/07,2113.75,2116.23,2095.74,2106.84,87730690,130666971136.00
2020/05/08,2117.87,2137.79,2112.89,2125.24,86308598,133023162368.00
2020/05/11,2137.98,2139.67,2088.66,2102.83,88158882,133238882304.00
2020/05/12,2106.22,2125.32,2092.58,2124.15,82133006,119689207808.00
2020/05/13,2120.01,2145.02,2116.55,2140.68,76039747,117121974272.00
2020/05/14,2131.46,2137.14,2116.35,2117.65,83797582,122394296320.00
2020/05/15,2128.88,2138.97,2109.55,2124.31,82473692,129839185920.00
2020/05/18,2122.31,2137.15,2096.25,2114.86,91835861,144521134080.00
2020/05/19,2137.42,2144.98,2128.89,2144.12,79874086,128923746304.00
2020/05/20,2149.29,2153.24,2112.09,2118.12,86947432,145434886144.00
2020/05/21,2130.96,2138.72,2092.54,2099.43,78795761,126857216000.00
2020/05/22,2099.42,2099.42,2036.68,2046.60,77402718,115134742528.00
2020/05/25,2049.71,2055.19,2036.00,2052.30,65445850,97520836608.00
2020/05/26,2070.14,2113.29,2067.14,2112.97,74688074,115153960960.00
2020/05/27,2114.07,2114.86,2064.41,2071.47,79251186,123633311744.00
2020/05/28,2071.17,2075.87,2021.98,2054.96,79237093,115351461888.00
2020/05/29,2049.75,2090.30,2043.95,2086.67,81707120,118566543360.00
2020/06/01,2105.24,2163.35,2105.24,2158.22,107881045,156426715136.00
2020/06/02,2164.99,2164.99,2132.40,2145.29,104579153,152468340736.00
2020/06/03,2151.50,2165.45,2139.99,2143.12,105267978,153134645248.00
2020/06/04,2150.50,2157.28,2137.35,2151.39,90592752,130827444224.00
2020/06/05,2152.42,2166.38,2143.28,2166.38,88307979,127844155392.00
2020/06/08,2184.58,2186.97,2147.86,2153.56,93823141,138794647552.00
2020/06/09,2160.34,2186.47,2147.17,2181.59,87763702,126395195392.00
2020/06/10,2186.56,2205.27,2180.35,2201.99,87499469,127672705024.00
2020/06/11,2202.14,2236.08,2181.59,2195.64,99897644,156547956736.00
2020/06/12,2149.96,2220.97,2147.42,2206.76,100486649,155365687296.00
2020/06/15,2223.43,2256.65,2217.29,2219.55,112047625,167727726592.00
2020/06/16,2246.89,2261.18,2239.34,2260.46,108926659,161819262976.00
2020/06/17,2265.09,2274.49,2248.72,2263.96,116015861,168589934592.00
2020/06/18,2266.88,2270.11,2243.63,2266.03,108987933,168133066752.00
2020/06/19,2271.65,2328.58,2271.59,2319.45,100233235,163307945984.00
2020/06/22,2328.40,2358.91,2328.40,2342.88,104128725,173898858496.00
2020/06/23,2344.05,2382.33,2335.22,2382.05,98577982,163970351104.00
2020/06/24,2386.26,2397.36,2367.68,2382.47,93243488,161551351808.00
2020/06/29,2375.99,2387.16,2360.16,2372.54,95177704,156596436992.00
2020/06/30,2387.59,2441.90,2387.59,2438.20,96080884,165844828160.00
2020/07/01,2449.87,2450.84,2381.59,2419.63,102393820,179384532992.00
2020/07/02,2418.31,2435.12,2397.69,2424.39,118604663,191271698432.00
2020/07/03,2426.30,2467.50,2408.00,2462.56,122974897,203888525312.00
2020/07/06,2469.24,2535.71,2460.13,2529.49,161741281,262946570240.00
2020/07/07,2548.41,2632.81,2538.82,2591.26,180541253,295047659520.00
2020/07/08,2603.65,2653.07,2577.48,2651.97,159121154,266094542848.00
2020/07/09,2649.45,2771.22,2646.47,2757.65,189561838,321112178688.00
2020/07/10,2744.61,2799.00,2734.97,2778.46,167708086,293069357056.00
2020/07/13,2789.98,2896.31,2789.98,2889.43,169754097,304746561536.00
2020/07/14,2876.85,2892.89,2789.04,2858.67,180223100,323825041408.00
2020/07/15,2866.24,2894.42,2787.83,2813.06,170655662,302172176384.00
2020/07/16,2814.80,2849.10,2638.17,2646.26,153221189,273147117568.00
2020/07/17,2659.45,2726.28,2618.68,2662.40,120066638,213300264960.00
2020/07/20,2707.61,2717.00,2619.03,2697.30,117272826,204573868032.00
2020/07/21,2708.13,2745.05,2692.87,2736.51,115334950,200792244224.00
2020/07/22,2725.45,2807.42,2716.45,2769.03,124062287,221101801472.00
2020/07/23,2740.41,2799.67,2707.55,2799.67,132577903,238214971392.00
2020/07/24,2769.97,2781.79,2614.78,2627.84,149887696,262838992896.00
2020/07/27,2639.26,2671.45,2605.77,2631.76,105550538,182776168448.00
2020/07/28,2668.25,2677.74,2627.65,2666.52,103259167,173581762560.00
2020/07/29,2659.94,2768.17,2652.90,2767.40,120422001,207325216768.00
2020/07/30,2782.11,2787.38,2734.06,2743.63,126736849,214750920704.00
2020/07/31,2747.41,2817.42,2741.44,2795.40,129297251,227349348352.00
2020/08/03,2831.35,2870.65,2801.11,2868.88,150431509,262994460672.00
2020/08/04,2863.32,2893.40,2819.01,2832.84,144144669,258657026048.00
2020/08/05,2826.41,2875.44,2803.77,2860.24,127093707,229270241280.00
2020/08/06,2868.82,2868.82,2774.69,2814.37,135627825,246390587392.00
2020/08/07,2807.10,2823.97,2703.13,2749.95,130888115,242167349248.00
2020/08/10,2735.43,2757.43,2693.73,2735.26,114694560,208395206656.00
2020/08/11,2740.15,2774.90,2686.19,2688.70,116820129,198914736128.00
2020/08/12,2689.58,2694.95,2577.71,2635.50,114547252,201488121856.00
2020/08/13,2657.20,2660.71,2611.14,2622.64,98470628,154800078848.00
2020/08/14,2624.83,2669.48,2615.63,2668.71,98893865,152183996416.00
2020/08/17,2682.21,2696.70,2652.05,2696.39,117900765,189724622848.00
2020/08/18,2702.42,2724.04,2689.03,2701.06,120482380,188021866496.00
2020/08/19,2695.89,2695.89,2612.84,2612.84,117382120,182883287040.00
2020/08/20,2592.88,2629.29,2578.39,2587.86,97504585,149620506624.00
2020/08/21,2611.54,2644.02,2607.82,2632.45,108592715,162420998144.00
2020/08/24,2653.63,2704.80,2592.66,2684.63,140387023,228900765696.00
2020/08/25,2687.29,2737.47,2683.19,2701.60,184570035,271310897152.00
2020/08/26,2701.48,2717.80,2635.13,2644.14,182394771,265592193024.00
2020/08/27,2653.74,2699.88,2637.42,2689.17,194445425,257747517440.00
2020/08/28,2687.23,2762.89,2680.49,2757.84,192629625,264749416448.00
2020/08/31,2769.83,2779.52,2726.68,2728.31,172379315,252996059136.00
2020/09/01,2721.18,2750.42,2701.56,2750.42,169326794,235763367936.00
2020/09/02,2753.93,2785.35,2731.41,2771.85,261898334,317582114816.00
2020/09/03,2766.98,2789.12,2738.13,2746.95,235160294,294508953600.00
2020/09/04,2690.29,2739.90,2686.87,2732.15,219787730,274964643840.00
2020/09/07,2728.74,2745.62,2628.86,2641.20,279801622,354779037696.00
2020/09/08,2648.44,2663.69,2612.64,2650.63,287032494,337455513600.00
2020/09/09,2609.13,2609.37,2506.90,2523.40,333019923,402170675200.00
2020/09/10,2551.30,2565.85,2477.67,2483.03,258704124,302223589376.00
2020/09/11,2474.70,2542.13,2474.70,2536.62,181170328,215615668224.00
2020/09/14,2568.01,2604.39,2548.09,2572.60,216006820,270521466880.00
2020/09/15,2578.69,2599.54,2563.07,2595.15,200779066,258225373184.00
2020/09/16,2597.64,2597.64,2540.01,2554.80,168027775,230373343232.00
2020/09/17,2551.29,2582.26,2521.60,2557.32,167239057,252663250944.00
2020/09/18,2558.29,2600.58,2537.84,2596.08,168612432,244927217664.00
2020/09/21,2605.55,2607.65,2565.04,2569.22,156041117,222557700096.00
2020/09/22,2556.46,2596.81,2547.36,2555.54,153335322,217220530176.00
2020/09/23,2563.71,2608.42,2549.34,2599.88,151395013,223720865792.00
2020/09/24,2576.03,2583.62,2535.87,2535.87,151494832,215067000832.00
2020/09/25,2551.44,2570.36,2529.13,2540.43,114822561,171386159104.00
2020/09/28,2551.78,2555.02,2517.04,2521.25,105451802,159573704704.00
2020/09/29,2538.36,2579.27,2521.70,2563.38,105438948,162605613056.00
2020/09/30,2575.46,2601.80,2561.05,2574.76,105226164,158726193152.00
2020/10/09,2632.59,2679.01,2629.22,2672.93,128032034,210985304064.00
2020/10/12,2702.16,2777.39,2698.76,2777.39,176529215,296414117888.00
2020/10/13,2769.66,2792.97,2754.15,2784.72,183509924,286746148864.00
2020/10/14,2777.89,2793.49,2759.54,2764.24,169728640,278875865088.00
2020/10/15,2767.17,2770.34,2735.34,2737.96,151905407,258762375168.00
2020/10/16,2735.68,2754.35,2697.25,2724.50,142005520,235491278848.00
数据来源:通达信
